52
61
121
79
42
1344
739
71
78
604
215
150
141
933
40
522
44
110
83
80
555
42
148
123
63
41
1610
40
44
40
299
211
42
69
43
236
230
58
261
65
58
100
83
334
49
1387
158
42
57
177
96
45
87
202
62
85
218
51
180
42
43
46
69
84
160
96
49
42
41
46
81
62
64
460
50
44
79
54
83
114
54
53
46
45
121
251
39
67
61
79
81
75
43
43
238
55
60
297
152
377
43
531
325
124
46
41
41
48
55
120
54
48
52
186
76
162
39
66
62
54
43
53
56
521
82
5214
50
271
198
44
45
153
82
274
104
53
54
103
244
45
466
45
154
119
341
47
1389
42
42
66
137
63
61
64
56
1319
290
56
250
126
263
56
720
41
59
61
181
340
131
110
43
1465
53
45
50
42
41
152
43
421
88
263
41
492
73
43
43
94
95
104
56
62
90
45
52
142
8114
42
44
78
75
40
119
264
62
73
817
87
45
57
43
119
48
42
215
144
102
118
170
896
192
56
40
58
45
67
50
40
672
45
65
205
89
517
314
377
41
219
218
428
101
48
47
103
64
78
43
41
42
78
276
79
73
1567
264
255
45
83
47
157
71
121
42
98
98
50
360
46
42
152
49
79
83
121
67
826
43
87
363
495
44
54
104
82
95
43
44
498
53
85
112
116
214
1314
49
42
280
62
93
256
39
44
71
46
86
76
47
43
93
124
194
55
48
46
39
460
86
45
45
596
44
80
52
45
73
141
919
466
45
92
43
218
368
65
48
86
64
43
43
44
71
73
45
64
58
67
66
71
43
1680
70
41
46
80
95
39
52
6714
45
46
51
54
57
43
42
44
40
42
631
424
83
64
45
481
214
48
118
44
58
43
105
69
288
287
105
207
47
52
1178
90
46
793
45
55
112
80
89
190
58
272
42
45
72
60
499
43
65
44
44
245
97
75
100
96
44
51
149
97
92
119
96
48
77
41
295
98
45
151
44
57
45
383
41
333
43
61
42
223
42
41
42
534
64
99
44
133
205
52
66
245
101
42
40
44
64
46
100
55
931
683
196
45
65
80
56
114
57
41
69
377
4314
84
79
118
506
43
291
273
225
75
130
41
42
65
50
107
41
178
91
43
50
43
182
88
58
47
48
50
44
44
107
131
211
46
287
50
385
59
44
206
48
61
58
53
50
76
105
41
104
53
64
97
54
88
49
56
346
215
170
41
52
46
44
97
41
41
840
54
66
44
46
82
220
44
40
54
161
40
89
43
81
126
38
42
90
115
40
620
150
77
71
289
44
65
39
89
42
140
462
183
180
41
42
186
279
43
73
1398
72
42
400
445
53
86
46
59
125
146
46
41
1409
42
1657
44
54
482
664
41
46
86
87
45
52
121
39
41
838
101
46
49
1600
42
372
64
139
142
5114
180
58
42
43
94
71
1457
50
98
79
80
83
144
283
60
195
50
66
51
62
47
55
454
57
881
48
427
44
48
54
47
224
63
428
144
42
48
47
120
268
380
40
65
46
85
62
47
46
79
56
46
44
57
87
43
44
42
279
49
116
118
494
63
44
55
44
39
43
127
79
372
548
7014
52
96
70
94
52
288
46
149
53
944
48
43
50
186
341
373
88
85
186
44
99
50
85
47
44
109
41
51
74
81
68
50
44
46
807
59
54
68
48
1699
44
82
73
51
40
606
228
76
77
46
43
85
59
44
58
68
37114
55
105
51
76
57
55
42
55
133
64
57
77
206
80
1395
40
44
72
47
142
48
44
65
76
180
176
99
808
43
45
46
47
279
40
68
690
208
89
236
97
41
50
41
85
42
504
48
103
71
362
57
44
404
100
65
39
74
101
50
58
41
56
195
69
322
274
451
40
41
1693
42
115
42
649
142
609
41
85
239
44
47
333
51
66
43
63
292
41
51
43
150
60
141
44
43
124
157
55
50
45
476
105
53
275
51
102
78
47
1706
45
506
429
97
6614
42
284
47
7614
1479
49
41
48
512
48
95
46
74
42
102
383
45
44
122
51
53
66
43
86
108
81
143
49
43
43
63
79
62
42
261
72
40
41
73
41
48
54
451
43
41
42
41
445
42
283
70
93
40
89
51
67
84
39
82
42
41
56
57
1292
48
317
45
40
121
42
74
60
41
279
430
108
223
84
101
58
44
169
43
53
125
46
1181
42
62
1497
43
184
47
74
1410
43
58
43
213
45
43
125
63
1436
283
60
54
410
214
44
42
58
671
51
4314
912
41
71
42
57
41
53
41
48
466
191
83
8914
208
471
63
69
178
12814
230
743
113
1506
58
41
42
40
229
70
668
172
171
160
67
42
72
59
42
103
44
76
61
338
61
90
42
110
726
42
40
91
94
45
189
43
68
44
1184
41
81
173
72
43
110
72
1415
268
67
72
41
832
80
49
38
41
187
58
50
144
40
47
45
42
46
422
66
305
46
638
40
49
268
55
230
158
55
54
72
110
43
43
80
56
84
64
66
95
212
53
158
185
81
50
40
205
53
45
42
43
218
1366
315
79
238
181
50
42
58
43
47
308
56
84
67
186
82
41
45
40
47
70
126
75
156
43
46
1200
51
47
38
48
116
49
40
1397
1479
278
53
86
46
45
87
181
126
130
105
82
45
67
85
255
205
44
257
42
216
442
445
266
59
692
43
126
95
79
134
89
528
173
78
47
254
44
102
146
69
98
44
58
290
63
242
252
73
43
45
1552
44
41
87
400
65
54
501
53
75
45
420
61
85
50
45
46
73
190
60
61
41
42
54
183
41
44
44
59
49
43
98
43
45
39
44
46
43
50
62
65
4314
46
55
42
41
916
70
70
47
42
44
218
70
262
53
374
170
48
85
54
273
152
136
279
43
329
70
1460
40
124
68
48
216
41
77
88
215
76
41
130
508
106
45
146
143
315
42
82
47
70
45
128
511
83
51
222
54
335
115
47
46
53
926
47
53
59
755
1470
267
429
75
76
40
78
54
40
48
211
88
4314
52
82
40
62
226
40
148
48
78
69
329
131
716
42
104
44
49
78
41
355
256
142
66
66
88
42
29114
78
705
173
183
44
112
243
1395
81
48
51
78
47
41
72
730
76
71
163
64
46
76
42
587
42
41
46
43
44
46
91
1715
45
69
46
47
1654
176
436
44
625
337
131
78
178
54
1530
44
148
54
272
120
53
50
42
85
44
46
207
41
52
286
42
42
671
57
51
282
46
127
53
47
71
242
49
86
130
46
46
80
218
50
519
45
40
91
183
72
100
110
46
125
53
43
39
63
43
123
45
69
46
83
168
56
47
560
53
1449
87
49
70
266
55
111
140
81
56
46
80
53
86
48
77
66
1440
55
72
207
54
43
56
1534
544
46
444
175
42
66
72
108
237
68
83
45
95
57
87
75
51
75
354
41
65
42
64
43
73
51
41
45
41
59
68
95
56
80
216
47
1385
103
101
46
40
76
505
71
53
51
92
270
45
40
77
286
73
69
477
102
416
88
80
51
111
44
94
223
45
50
9614
75
73
4514
43
45
72
828
77
94
52
749
189
71
42
347
42
215
43
228
67
107
147
221
223
38
164
243
455
280
46
83
165
59
207
41
867
43
68
41
352
49
83
44
87
127
52
45
334
158
43
42
124
1454
46
44
53
43
204
826
69
46
50
351
227
666
4514
103
259
108
44
450
72
42
488
108
98
88
44
87
42
38
92
42
45
45
109
53
271
369
416
83
46
74
41
50
45
67
45
199
54
70
45
86
72
283
76
57
112
48
81
153
53
327
46
139
61
58
229
395
47
52
204
71
66
74
15114
136
127
669
83
116
47
49
48
107
584
75
41
804
54
51
688
45
54
60
60
129
104
43
44
80
40
48
47
38
54
52
280
80
18214
57
47
73
54
46
103
182
547
5414
240
49
548
117
53
60
337
40
58
84
331
1500
74
89
100
128
41
4314
54
50
55
53
46
54
92
321
55
59
53
148
73
44
45
239
57
71
181
658
45
153
40
54
43
76
202
157
447
90
52
58
45
277
42
603
58
93
52
87
276
105
39
185
53
52
73
787
45
84
109
88
72
41
42
45
41
272
122
221
844
40
215
265
48
53
211
524
73
416
74
770
49
71
217
43
85
41
48
50
52
45
377
40
1222
761
51
70
58
292
248
64
81
44
59
136
84
81
63
46
39
225
78
488
41
65
60
49
668
178
61
1619
331
223
50
52
83
51
43
47
40
41
130
43
1452
44
142
1374
267
592
132
43
48
104
45
296
71
46
46
71
63
57
43
419
45
273
43
53
89
65
212
55
46
84
54
122
77
86
145
60
131
60
302
45
545
132
484
331
72
73
735
791
51
45
231
83
46
46
317
139
153
41
40
381
47
91
39
8014
42
6514
105
64
45
88
58
53
83
45
46
84
106
50
416
57
41
43
86
43
65
66
677
47
66
44
88
58
59
111
47
46
47
98
55
45
452
54
41
110
45
81
45
1558
590
125
38
85
229
45
59
71
242
111
56
190
1388
83
245
55
411
68
58
317
103
429
38
167
144
47
41
82
1400
42
50
51
89
308
43
55
433
813
94
65
243
86
126
105
158
52
57
80
44
53
387
44
106
45
41
74
67
50
44
262
597
53
40
135
54
56
65
513
41
252
48
54
4714
45
42
99
64
48
407
78
164
90
43
46
58
178
90
53
39
124
8614
76
56
1191
48
594
88
227
170
45
45
1510
39
81
223
44
53
62
117
47
1204
56
67
60
41
43
49
44
250
44
51
92
41
132
104
63
242
492
43
99
1460
209
164
43
71
48
190
665
92
50
122
168
85
1393
45
54
68
41
487
593
102
72
43
92
98
345
82
113
47
188
44
107
158
150
42
144
151
50
54
42
483
73
267
356
77
54
60
1647
41
904
169
41
161
56
94
445
141
50
41
217
75
297
485
90
57
77
54
147
50
42
110
84
55
132
1340
44
241
89
499
54
491
88
49
62
80
409
47
1380
44
471
42
103
43
82
43
118
158
368
42
41
40
39
41
41
158
64
746
101
38
132
69
70
141
93
125
175
53
192
449
606
59
70
42
102
95
42
48
46
245
226
48
454
87
183
545
67
76
44
49
43
452
45
46
151
594
49
82
81
443
709
42
180
43
44
77
460
62
113
104
53
692
138
44
43
41
63
195
68
58
45
43
66
47
109
83
42
316
44
57
752
45
313
238
51
77
78
232
44
80
218
45
46
106
311
52
42
41
44
1468
25214
204
79
88
122
51
105
663
284
43
65
308
728
56
44
1614
49
205
88
108
45
78
42
39
106
56
68
552
42
46
61
50
129
44
298
65
61
46
56
87
63
656
89
473
151
94
55
46
861
55
42
51
47
46
47
40
332
85
603
42
60
56
143
128
136
157
43
48
84
40
129
181
45
45
47
53
906
367
54
41
43
57
42
44
54
49
93
48
59
786
47
898
54
182
10114
60
1429
54
329
62
39
45
193
44
42
52
55
69
49
1607
43
220
4214
1429
44
47
106
43
47
68
239
338
49
43
87
44
274
52
68
58
76
73
44
206
46
278
1412
210
43
95
68
84
67
81
123
42
42
85
59
118
176
41
98
85
168
125
47
344
111
125
67
62
51
43
311
78
42
193
100
49
41
41
52
39
51
514
45
107
89
126
89
139
44
188
138
454
53
4814
136
234
52
42
47
1333
39
356
75
225
91
68
43
80
54
45
148
214
374
82
422
84
43
40
47
44
46
455
44
488
55
83
48
45
280
66
41
71
43
938
45
55
77
55
109
48
58
46
43
51
45
42
50
54
78
43
151
42
653
47
65
289
53
213
80
67
66
42
175
54
87
59
155
191
45
1703
219
242
82
38
49
39
49
70
42
587
246
204
79
697
48
73
183
44
179
55
55
45
325
223
44
130
52
91
64
264
228
58
141
44
58
278
73
39
68
139
180
61
57
44
48
69
45
44
386
47
64
121
86
508
125
121
50
455
56
44
42
49
58
67
70
4114
223
74
72
7514
55
507
47
60
48
71
62
65
493
25614
80
214
44
49
79
42
54
68
43
56
104
141
122
158
40
121
59
39
49
54
336
162
4914
40
45
57
45
43
57
74
168
139
48
40
41
103
68
105
713
42
42
40
45
107
56
72
46
54
42
109
490
47
67
243
42
103
45
39
211
47
282
126
402
85
43
82
62
176
64
211
58
41
60
179
69
88
41
58
43
53
44
110
43
85
950
51
45
120
178
199
212
43
306
49
55
75
236
602
187
458
1477
250
101
251
58
85
39
128
39
201
62
162
69
677
70
49
75
59
65
156
44
41
733
45
109
41
136
42
115
50
149
68
73
68
42
1611
99
300
44
54
45
272
222
49
43
47
53
730
257
105
46
609
43
76
144614
43
45
1219
42
44
290
306
96
42
473
57
233
145
871
53
50
45
271
84
375
69
117
72
51
155
41
64
79
89
69
224
97
271
47
41
699
59
53
208
52
212
40
81
85
53
214
305
50
292
146
47
89
80
56
5914
41
255
6314
476
42
198
201
129
226
240
84
71
41
146
59
126
72
43
155
180
334
92
65
68
1370
45
47
43
616
150
65
89
7514
72
65
43
88
303
491
45
41
89
41
43
257
126
84
91
71
114
41
94
41
44
39
74
1437
679
70
48
51
40
185
45
52
61
45
40
61
284
67
49
40
62
43
45
99
42
79
91
368
433
58
42
84
43
99
51
189
105
226
128
54
514
130
50
58
502
69
47
46
102
155
53
43
942
49
43
42
58
44
69
45
216
496
53
320
108
43
91
243
49
225
50
126
58
88
78
379
40
87
97
52
73
78
41
390
48
699
44
176
466
45
173
176
92
83
55
85
73
279
45
239
57
79
52
57
113
121
43
40
42
43
341
53
45
54
106
44
214
40
1695
70
145
528
50
54
68
56
124
48
49
115
329
160
62
86
38
109
66
57
47
46
141
47
471
42
41
72
100
44
71
48
44
134
44
43
471
120
40
50
49
53
42
56
41
42
242
51
226
48
56
102
242
51
57
50
93
1403
47
238
42
56
66
45
181
66
59
50
44
629
53
41
238
55
221
43
45
74
97
56
62
69
250
387
42
74
225
86
81
85
67
55
717
47
278
206
89
176
42
44
59
53
87
43
196
536
40
57
49
964
366
262
286
475
53
45
58
51
56
91
100
43
74
49
360
42
42
92
240
39
202
57
57
105
44
75
268
76
69
129
56
177
1462
345
337
58
53
335
98
217
50
85
61
43
291
74
184
140
7814
134
59
86
44
49
99
320
44
122
48
45
183
187
112
42
42
98
47
46
57
118
42
44
60
44
1490
288
143
80
91
285
79
44
106
123
73
98
78
67
44
48
40
1605
126
43
1683
316
50
42
39
110
129
378
47
738
55
101
40
73
44
130
60
41
252
54
86
54
45
147
41
63
45
44
67
173
57
140
67
294
1412
82
110
491
140
119
249
63
339
46
62
43
265
48
259
40
81
54
82
371
69
44
56
256
54
93
677
79
280
46
43
77
58
62
39
669
51
44
41
60
44
42
46
40
54
114
52
47
175
44
84
278
907
56
157
92
56
51
56
73
58
249
54
43
42
44
43
224
222
235
68
76
52
44
45
196
76
273
85
71
103
82
40
60
59
120
52
61
40
46
42
45
94
102
86
297
39
80
68
106
44
41
519
48
50
57
58
103
45
108
46
53
517
69
45
64
93
114
40
76
104
64
109
77
45
75
65
45
83
72
1325
67
81
45
75
59
801
52
184
50
283
218
682
44
10614
329
42
54
42
85
93
41
99
55
47
66
418
44
44
1414
274
64
110
42
71
513
57
44
174
96
101
69
43
460
1192
43
105
45
41
228
183
42
79
44
49
51
53
55
50
86
94
70
4414
41
143
4414
336
1441
69
492
52
51
42
160
48
169
51
104
103
45
718
139
74
87
143
151
87
46
599
77
114
436
44
46
75
69
43
100
42
180
42
42
234
41
252
40
53
57
67
43
90
48
128
43
56
104
45
73
77
48
62
110
338
43
113
49
587
43
229
209
109
226
304
88
43
74
166
43
53
283
40
110
48
70
64
213
87
41
64
41
62
198
42
152
41
67
95
102
161
100
288
42
138
233
176
39
67
219
75
44
101
50
92
50
233
43
814
121
74
53
50
52
463
131
233
72
163
180
1690
41
45
320
139
56
75
43
64
52
43
145
54
72
40
119
44
53
47
155
863
74
42
92
237
44
51
54
46
69
469
44
44
41
52
49
56
381
62
68
44
352
46
52
105
113
90
40
74
56
207
3814
245
219
42
43
153
68
89
122
194
280
46
120
55
694
94
93
44
136
78
52
42
56
42
642
53
42
51
120
70
57
140
71
64
44
458
42
707
43
72
41
581
40
74
39
455
50
45
91
207
1208
97
203
44
44
75
72
181
71
42
57
74
84
41
361
821
76
89
125
456
43
74
86
600
138
51
108
40
46
733
41
54
407
127
52
81
60
66
904
46
117
49
78
114
99
256
61
41
42
88
71
48
42
46
56
783
41
110
76
86
70
83
81
57
49
682
44
40
44
235
71
189
208
38
57
48
65
1363
96
99
381
68
192
47
44
66
73
41
78
59
600
1432
56
78
45
423
77
303
228
55
115
61
328
258
96
65
77
1211
57
56
42
74
62
105
134
45
723
452
421
53
39
85
44
51
93
465
129
132
95
251
80
64
41
48
44
44
43
49
42
42
46
67
44
42
43
65
58
56
46
63
49
99
54
261
50
61
38
42
138
65
93
666
597
47
145
119
267
41
44
46
42
270
142
45
41
28514
56
58
63
438
655
75
834
43
11314
122
58
403
232
150
80
42
42
68
115
43
111
45
42
56
124
131
42
167
44
54
69
1233
228
40
42
49
67
714
47
223
478
62
89
71
44
728
55
268
159
76
51
42
74
873
53
47
516
81
52
7514
206
61
222
55
378
48
96
349
72
44
58
72
43
39
43
63
647
46
56
44
439
46
116
80
108
58
67
70
367
69
147
259
111
97
287
99
38
46
39
508
39
65
286
47
111
110
69
274
93
52
39
314
51
457
707
599
1463
56
119
134
42
44
72
79
110
38
52
323
67
43
284
46
77
1687
44
322
43
42
389
7814
41
56
357
104
43
70
113
82
86
46
43
66
91
157
95
70
337
231
148
49
242
123
44
46
61
74
105
52
73
40
79
405
101
127
41
42
51
262
102
46
43
45
55
1299
102
72
49
63
89
54
141
69
490
40
190
69
55
45
72
57
450
751
43
45
332
100
56
47
46
217
323
77
58
40
439
61
48
250
474
41
292
494
54
532
88
50
239
72
45
41
79
44
73
50
1462
73
60
42
60
42
74
77
203
371
39
100
219
535
61
68
78
49
44
48
42
39
63
274
43
59
1570
1467
490
120
45
53
46
44
702
116
778
40
76
59
252
40
53
222
214
74
46
49
41
59
178
4114
42
187
49
161
197
43
59
120
90
1482
56
741
454
97
45
1464
10214
41
90
352
44
450
147
49
42
38
54
91
114
348
38
47
155
68
343
65
43
65
249
56
674
95
157
55
78
62
40
45
81
43
75
1608
42
68
90
38
41
112
84
517
47
68
44
44
46
42
50
46
244
148
59
57
240
272
42
183
151
91
72
43
42
53
54
70
43
226
40
45
41
458
48
214
489
43
46
40
51
41
51
41
81
1230
96
42
84
43
44
4414
113
42
43
46
83
96
48
40
596
815
39
55
958
202
105
45
79
53
92
54
1336
66
392
55
365
116
1475
43
840
71
101
93
44
264
51
44
45
136
180
54
356
48
68
46
91
56
44
44
127
85
43
42
40
52
82
152
23814
109
71
457
159
53
110
67
295
218
46
42
51
598
1198
70
73
255
225
43
50
144
45
44
385
46
41
46
59
65
63
190
44
79
44
93
117
75
73
42
42
75
55
455
659
41
96
44
101
268
70
330
79
487
197
41
42
47
44
43
661
1202
67
57
41
45
48
189
65
269
101
44
63
41
80
960
71
42
82
30814
89
42
59
44
87
60
601
44
47
79
44
47
228
77
52
117
81
183
73
41
122
607
215
75
47
54
375
101
140
510
130
96
45
201
40
53
564
60
108
43
80
39
41
1494
338
43
60
756
69
42
195
241
1442
42
62
111
1544
68
110
82
72
43
44
296
218
48
51
52
44
305
106
162
223
46
44
52
1188
1470
66
49
41
43
81
98
90
46
128
60
146
48
47
51
72
39
61
253
43
58
51
474
333
80
99
40
54
56
277
182
40
44
70
56
58
77
261
131
45
85
43
44
178
205
296
82
88
257
109
85
6714
45
518
107
58
55
41
49
197
54
82
43
340
56
54
51
4314
61
237
67
64
43
47
83
53
1443
115
69
177
270
156
120
158
40
82
605
46
53
40
45
57
109
441
1476
42
46
45
74
47
45
56
69
565
42
278
101
59
85
71
213
63
43
198
66
50
55
524
39
197
44
8614
479
879
46
84
360
502
57
48
131
114
258
389
46
206
61
81
90
1598
47
40
76
68
139
49
50
45
54
171
42
43
448
939
124
56
78
43
197
80
49
57
53
47
294
112
72
281
89
539
107
80
144
168
68
222
52
362
42
177
68
40
319
209
59
91
261
82
59
40
53
72
79
39
58
45
51
69
39
84
41
293
481
100
51
82
60
65
185
64
42
188
54
133
88
48
70
79
39
65
304
61
39
42
67
43
54
54
66
51
45
127
43
58
54
51
170
94
205
45
370
92
105
42
66
251
51
95
99
289
290
134
43
40
43
56
52
71
54
171
44
38
1449
72
1392
44
44
67
69
45
107
181
73
46
57
121
47
87
942
41
137
48
53
199
76
47
54
67
50
58
45
49
155
40
78
57
48
80
521
96
76
243
195
48
42
171
285
463
63
350
248
38
50
41
44
43
57
44
51
127
48
179
44
126
44
41
139
71
85
52
741
78
44
68
54
92
358
39
416
45
81
40
100
316
51
40
1524
42
93
54
1353
364
54
120
46
497
43
158
75
275
75
797
42
46
194
151
109
342
59
70
70
44
125
59
93
161
40
743
226
9814
100
230
301
77
61
74
67
102
1618
65
466
80
42
214
40
66
68
59
83
254
42
43
56
47
52
183
52
104
79
43
57
151
54
56
44
923
70
65
45
50
45
55
40
284
49
63
48
238
45
49
910
57
40
58
128
268
4314
57
552
118
45
233
182
430
1650
157
74
97
6214
43
42
87
84
497
53
43
63
51
248
79
68
131
46
67
314
40
40
42
350
451
45
44
180
69
132
43
220
43
72
41
188
234
40
56
44
1377
159
1438
57
131
116
162
44
74
83
63
276
144
953
182
44
209
45
44
125
48
46
685
43
14414
1183
149
1644
46
51
56
67
43
843
64
257
58
113
44
42
153
287
85
59
44
40
39
298
120
46
71
219
63
86
277
41
55
45
45
122
182
89
105
46
51
168
48
181
43
42
110
87
44
318
53
56
58
212
42
122
42
186
48
43
42
218
152
40
53
74
62
91
283
43
40
45
5714
57
63
128
191
160
69
62
45
86
41
73
45
41
98
44
1359
92
103
42
55
48
63
97
43
44
70
51
53
359
67
67
61
45
60
82
45
50
76
50
51
57
55
235
56
41
86
44
45
53
92
99
117
220
162
179
53
354
47
94
220
51
106
584
1446
1225
42
85
70
45
68
190
42
276
63
521
43
662
134
51
227
209
70
52
150
90
67
52
40
44
41
42
131
39
1712
77
62
46
44
62
74
1194
694
79
89
133
54
316
44
49
106
53
75
66
211
89
171
58
43
177
233
54
42
58
78
224
53
56
51
123
186
167
119
41
42
348
93
69
1214
46
301
47
44
44
726
44
116
57
62
232
39
83
55
217
57
87
43
95
53
51
95
42
284
64
48
49
57
293
194
76
43
111
74
118
78
56
44
43
637
44
59
46
177
49
4914
78
76
215
50
65
312
43
128
116
374
59
47
41
105
41
73
152
74
93
101
84
62
69
54
43
77
52
43
39
115
45
1407
58
89
109
38
49
93
332
44
45
50
621
42
68
460
59
42
90
108
57
43
63
326
45
181
48
56
43
176
44
43
42
44
54
278
14014
43
45
472
829
91
43
88
105
367
45
289
106
50
227
87
126
458
47
84
1472
66
43
99
823
60
56
65
46
56
39
57
41
40
44
62
57
44
56
43
77
210
635
98
60
42
783
40
83
115
162
50
68
237
1307
43
45
87
42
44
84
42
46
74
54
113
67
208
47
51
47
350
42
98
54
4314
77
55
93
53
449
1329
71
237
72
43
229
48
357
825
41
44
90
233
70
201
91
62
276
43
91
43
39
58
91
57
46
332
42
188
57
39
99
45
105
58
58
67
215
47
84
254
54
39
469
63
176
41
114
208
69
73
55
189
43
51
43
120
47
84
42
278
44
73
46
52
42
53
45
173
68
148
162
52
48
503
95
84
46
55
44
39
65
46
43
208
43
246
23714
71
42
41
42
1460
83
97
66
6914
47
55
286
43
79
69
50
662
518
210
65
81
104
143
49
45
54
1185
44
53
38
110
101
42
47
42
748
107
542
58
656
66
655
101
45
67
223
147
41
48
53
45
48
49
50
121
122
53
44
67
45
53
817
447
123
61
80
846
73
46
45
219
42
70
86
84
54
98
6814
50
42
810
1710
44
140
43
5214
51
231
45
78
39
87
671
44
48
69
42
80
601
41
42
85
50
42
75
136
50
68
152
52
59
53
43
56
69
52
43
223
88
57
54
462
42
48
43
40
45
80
52
55
41
16014
154
119
423
158
543
40
41
42
64
61
89
48
286
486
52
352
43
44
49
305
41
49
86
87
46
199
42
46
41
674
46
95
73
42
71
46
47
684
40
1520
79
145
86
42
93
52
99
70
67
42
702
45
199
126
59
44
132
47
41
582
200
330
41
55
105
44
41
42
526
92
52
94
311
342
60
296
44
97
697
42
60
84
50
52
261
40
219
142
261
44
45
41
119
275
199
85
