314
317
319
322
332
333
336
340
351
353
354
361
368
371
373
378
394
395
396
399
413
414
418
418
427
429
431
440
447
447
454
456
466
468
470
475
485
487
488
491
503
505
507
510
520
521
523
532
537
539
542
549
556
560
561
565
605
513
459
445
436
429
305
200
207
206
218
218
220
220
231
234
238
239
246
248
249
254
263
265
268
272
282
284
288
292
301
303
305
315
322
325
327
328
338
340
341
363
325
247
223
198
168
173
179
176
178
189
186
183
183
192
195
197
201
211
213
215
219
229
230
233
238
248
249
252
260
266
267
272
275
284
286
289
296
306
307
311
317
321
323
328
330
343
344
347
352
359
360
363
368
395
397
418
382
338
326
309
215
209
213
218
219
232
222
234
236
242
238
248
250
252
256
265
267
269
274
286
287
289
292
302
304
307
311
321
322
330
341
367
281
279
252
202
190
195
211
208
204
208
212
214
226
236
237
239
243
255
257
257
262
273
274
276
281
290
292
294
299
309
311
313
321
327
329
336
336
347
348
350
356
364
365
368
373
384
386
389
394
401
402
405
409
425
425
432
444
389
365
354
320
206
203
215
220
217
219
217
230
232
235
236
245
247
252
254
264
266
268
275
283
284
287
291
301
302
305
310
322
323
326
328
340
344
344
346
356
357
361
365
376
378
379
383
394
395
397
402
411
413
433
435
444
446
449
467
493
455
371
353
359
397
410
390
233
213
209
220
222
225
228
238
239
241
248
256
258
259
264
273
275
279
282
292
293
296
302
310
313
315
319
331
333
334
343
355
356
356
364
371
374
380
382
389
391
395
399
408
410
422
432
452
448
386
365
318
203
203
218
216
213
219
222
224
226
231
240
242
246
248
258
261
262
268
276
278
302
304
268
250
213
185
173
183
180
191
190
195
191
192
197
207
208
212
218
225
226
229
233
245
245
247
251
266
267
269
270
280
281
283
289
298
300
301
309
317
318
320
327
334
335
338
343
355
356
357
361
371
372
376
382
389
390
393
415
422
424
437
448
453
412
391
366
213
218
231
228
225
225
227
236
238
241
250
260
261
263
270
278
280
281
286
295
297
301
304
314
315
318
325
333
334
338
341
350
352
357
359
369
370
372
377
386
387
391
395
405
405
408
416
423
424
426
432
440
441
445
449
459
461
463
469
485
487
491
486
497
503
505
576
573
466
570
444
428
199
196
198
213
218
215
218
217
229
231
231
235
245
246
249
256
263
264
267
272
282
283
286
301
327
310
309
314
293
283
267
218
221
218
229
228
224
228
237
240
243
245
256
257
258
263
273
275
277
281
291
293
298
300
310
312
314
318
328
329
332
336
346
348
350
374
379
381
388
389
397
398
401
407
417
417
420
424
434
435
439
442
452
453
456
461
472
474
475
481
488
489
493
498
506
508
510
520
538
540
546
540
541
493
483
236
213
213
225
224
226
223
233
235
236
241
250
253
254
258
271
276
278
278
287
287
290
294
304
307
307
312
322
322
326
329
341
341
342
349
360
361
364
366
375
377
380
388
398
399
401
406
415
416
419
424
436
437
442
444
451
453
457
460
470
471
473
477
487
488
491
496
505
506
509
513
523
524
526
531
543
544
548
550
561
563
564
568
579
580
592
606
612
575
574
558
302
213
213
224
222
223
225
229
230
231
242
255
255
258
260
269
271
274
283
311
314
307
261
224
200
217
216
211
218
214
218
223
224
229
231
241
242
245
251
260
262
266
269
278
280
283
287
298
300
301
307
316
317
319
323
341
340
344
346
355
362
364
366
373
374
377
381
393
394
395
401
409
411
413
418
427
428
432
436
446
446
449
456
463
464
467
472
480
481
485
489
500
500
503
511
517
519
523
526
535
540
541
544
570
576
564
582
593
577
586
552
580
556
295
265
256
257
259
263
269
277
280
282
284
296
298
300
303
312
315
319
323
331
333
335
340
350
350
354
358
368
368
371
377
387
389
390
394
404
404
408
413
421
425
428
431
441
443
445
452
459
461
465
468
477
479
482
486
496
498
503
506
514
515
518
522
552
554
537
532
557
563
516
519
497
282
259
255
255
253
263
265
265
272
280
282
285
288
298
300
302
306
316
319
321
325
335
336
339
344
353
354
358
364
373
376
378
381
391
392
394
398
408
410
412
416
427
428
430
436
444
444
448
452
464
469
474
476
484
488
488
492
502
503
506
511
522
523
525
530
539
541
543
548
557
558
562
565
575
577
579
584
593
597
598
602
612
612
616
625
641
643
651
649
671
662
681
655
642
626
342
266
249
255
258
260
262
266
277
279
280
286
299
299
301
304
313
313
317
326
334
338
341
340
348
350
354
357
367
368
374
379
385
386
389
393
403
404
408
413
421
423
424
434
440
441
443
448
457
459
461
465
476
477
481
483
493
494
498
502
511
512
516
520
531
532
534
538
550
552
553
556
567
568
578
587
608
615
580
585
565
564
265
237
238
245
248
244
248
254
262
264
266
271
280
282
283
291
299
299
303
306
320
323
326
327
337
339
340
345
354
355
358
363
372
373
378
380
391
392
394
399
411
412
416
417
427
430
432
434
445
445
450
455
464
466
466
471
483
484
485
489
499
499
505
507
517
518
521
526
564
579
568
522
477
454
213
204
211
216
218
215
218
217
240
240
243
246
256
256
262
266
274
274
278
283
294
295
296
302
311
313
315
320
329
329
333
338
348
350
350
357
365
368
369
374
384
384
388
391
403
404
405
410
419
421
424
428
438
439
442
446
456
457
460
467
475
476
478
484
492
495
497
501
524
539
540
528
521
514
485
221
224
223
239
235
233
233
242
243
247
253
260
262
264
269
279
280
283
288
315
315
317
321
332
334
334
340
348
348
352
360
366
366
368
376
382
383
386
391
400
401
405
411
419
420
426
431
436
438
441
448
455
455
462
463
476
477
478
481
494
494
495
501
507
509
516
518
530
530
532
534
547
547
548
553
568
569
572
572
581
582
583
599
608
609
616
623
628
622
602
266
586
226
223
233
229
232
232
257
258
240
244
252
255
256
259
270
271
273
277
289
290
291
295
334
336
310
310
311
314
322
283
284
275
246
242
242
243
254
254
256
262
270
271
273
278
292
293
294
296
309
309
309
317
324
325
328
332
342
343
346
350
359
361
364
368
378
378
382
387
399
400
401
404
414
414
420
421
431
432
435
440
451
451
453
458
485
488
491
491
501
501
505
509
520
521
522
526
536
537
542
546
555
557
559
564
575
576
577
581
590
591
596
599
610
610
611
617
626
627
630
636
645
647
649
654
662
663
665
670
680
682
684
714
716
721
674
724
656
362
223
220
231
228
243
241
239
242
252
254
254
262
270
272
273
277
289
291
291
296
309
310
311
314
326
328
328
332
343
343
350
351
361
364
365
371
380
382
383
390
396
399
404
408
414
416
417
424
434
435
438
440
450
452
454
461
472
473
475
479
489
492
494
495
508
513
513
515
534
537
537
543
564
546
553
526
560
556
547
256
233
237
249
244
246
253
260
262
267
270
280
280
283
290
299
300
304
309
315
317
321
324
334
335
339
344
351
353
356
363
373
374
375
378
388
389
391
414
415
417
420
428
440
441
442
444
456
458
454
467
468
471
476
485
489
491
496
506
508
510
512
524
525
530
532
541
545
560
540
550
552
554
558
568
568
571
576
585
587
607
599
618
618
598
594
597
589
604
307
250
247
258
254
256
261
271
273
276
279
289
291
293
298
306
309
311
315
329
330
332
333
343
344
346
351
360
363
366
368
382
382
384
387
398
400
401
404
417
417
421
422
433
434
437
442
451
453
459
462
470
470
477
480
486
488
491
495
505
506
510
516
523
525
526
531
544
544
546
552
563
564
567
569
585
586
597
597
588
577
568
529
211
208
220
223
220
222
223
232
235
236
242
249
253
254
261
268
270
272
276
286
288
291
295
306
307
309
316
342
343
347
349
353
354
356
364
372
374
375
382
389
391
393
399
408
409
414
418
428
428
430
436
445
446
448
453
487
508
499
458
444
422
242
214
219
224
234
230
227
231
240
245
246
248
255
256
259
263
274
275
276
281
291
292
295
303
311
316
318
319
329
330
334
338
348
349
352
356
367
368
370
374
384
386
389
393
404
404
406
411
421
422
424
431
438
439
442
447
455
457
472
469
494
488
474
479
463
475
480
470
245
273
247
251
253
257
261
270
271
273
280
288
290
292
297
305
307
311
315
324
325
328
334
344
348
348
355
360
361
363
370
383
383
386
393
400
402
406
408
419
421
425
430
438
439
441
446
455
457
462
463
474
476
480
483
493
496
497
500
511
512
516
537
545
546
550
553
563
564
578
598
571
555
561
563
572
572
585
590
606
576
579
582
591
591
596
599
609
612
614
618
630
631
632
637
645
646
650
654
664
667
668
672
682
684
686
690
700
702
705
713
746
759
734
733
455
443
430
227
224
227
238
234
241
237
250
251
253
256
264
267
270
273
282
284
289
294
300
301
306
309
320
323
323
327
337
339
341
348
355
357
363
364
374
375
378
383
392
394
396
401
414
416
417
433
450
444
447
387
438
363
217
228
225
228
233
238
235
236
247
254
255
256
260
269
272
274
278
288
289
292
297
306
308
314
314
324
326
329
333
343
343
346
351
377
378
379
386
394
396
397
402
418
419
440
427
402
404
406
411
430
423
427
431
441
442
445
450
461
461
464
468
479
481
483
487
527
538
539
556
563
571
554
555
557
563
558
435
435
438
448
449
454
456
466
469
470
477
484
487
488
493
503
506
509
511
525
525
528
530
542
546
547
549
558
560
561
566
575
577
579
583
595
596
597
602
611
613
617
621
630
632
633
638
648
649
651
677
692
571
550
505
218
214
220
217
217
217
228
224
226
246
235
241
242
243
253
255
257
262
273
274
278
285
290
292
294
298
329
327
327
316
327
304
292
263
245
247
249
263
260
256
261
270
272
276
279
289
290
293
298
310
310
312
317
327
329
332
334
344
345
347
352
361
365
369
370
381
383
386
390
399
401
402
407
417
418
421
425
436
437
439
443
454
454
456
463
476
477
484
488
500
502
504
508
539
537
538
538
527
517
507
243
228
233
243
245
245
243
257
259
272
271
281
281
301
291
322
322
303
292
296
333
358
358
273
317
278
287
289
294
299
305
309
309
315
326
327
331
332
343
344
347
354
361
361
365
368
379
379
381
386
396
400
401
406
413
415
417
422
431
434
435
440
450
452
455
461
466
470
470
476
486
487
488
493
503
528
529
530
541
542
544
549
559
562
563
567
581
580
583
591
599
601
609
618
639
646
635
570
623
555
214
227
224
222
231
232
229
235
236
247
249
252
254
263
265
266
273
281
282
286
288
325
348
309
293
272
260
233
206
207
207
223
220
217
217
228
229
230
234
248
251
253
255
262
263
268
270
281
282
284
290
299
301
303
307
317
318
320
327
336
337
340
343
354
356
363
372
384
388
367
360
365
367
365
364
333
262
250
258
254
256
261
271
272
274
280
292
295
297
297
306
307
314
317
324
325
327
349
357
358
365
368
374
376
378
387
394
395
401
405
417
419
420
425
433
437
438
442
452
454
455
460
470
472
475
482
487
488
492
495
506
506
510
514
524
524
526
531
543
545
545
550
559
560
563
568
576
578
581
586
594
597
599
603
613
614
616
622
630
633
637
639
648
650
653
658
667
667
670
675
684
687
688
692
703
703
706
711
719
721
725
729
742
743
746
747
757
757
760
765
795
791
795
770
757
754
750
320
243
238
242
254
251
248
251
265
267
268
269
281
281
283
289
300
302
305
308
315
318
319
326
337
337
340
342
352
354
355
362
370
372
373
380
389
392
393
396
406
407
410
414
424
427
428
432
444
446
448
450
461
463
465
471
479
481
483
487
497
500
502
505
515
516
518
535
559
566
580
550
543
512
235
245
242
257
249
256
252
258
258
261
269
274
278
279
286
293
294
296
301
310
312
314
319
331
332
335
339
348
348
351
359
365
367
369
374
383
387
389
392
401
403
405
412
422
423
424
428
438
439
445
446
456
457
460
464
475
478
480
485
498
499
501
521
532
533
535
538
538
545
532
508
462
238
245
253
250
253
252
261
263
266
270
281
282
283
289
298
298
301
305
321
322
324
328
337
339
350
350
361
363
364
369
378
379
383
388
397
399
401
405
416
417
423
424
434
435
438
442
451
452
456
459
469
471
473
482
487
490
495
498
508
509
510
513
524
526
528
531
544
545
546
549
562
564
564
568
577
578
582
588
596
597
600
604
616
617
618
623
634
635
680
679
678
669
661
651
264
237
244
253
249
252
252
261
263
264
271
280
282
283
287
297
297
301
305
315
316
319
325
333
334
341
341
352
352
355
362
372
374
370
383
387
387
393
405
406
408
410
420
421
425
431
438
439
446
446
455
457
460
464
476
477
480
484
492
492
495
499
508
511
512
527
546
563
534
518
501
493
476
235
234
237
249
246
241
247
258
259
262
264
274
275
278
282
294
295
298
301
312
314
315
318
327
328
331
337
345
346
349
357
365
366
369
372
381
383
387
392
400
401
404
412
419
421
427
429
440
441
442
448
477
479
466
463
457
454
464
433
250
249
254
264
260
257
260
266
268
274
276
284
285
288
296
304
304
306
311
321
321
326
328
338
339
343
349
357
359
359
364
374
375
381
382
392
394
396
400
411
412
415
419
429
429
433
436
446
446
449
455
467
468
472
473
481
483
486
492
503
503
505
508
518
520
522
529
544
544
546
549
559
561
564
571
579
579
584
587
599
600
601
605
615
617
619
623
638
639
640
643
651
653
656
666
693
713
655
704
638
627
252
221
227
222
233
229
232
231
241
244
248
252
260
262
262
267
276
278
280
285
294
296
299
303
313
314
318
321
333
335
335
343
349
351
355
357
370
371
372
375
386
388
389
393
403
404
410
416
422
423
425
430
439
440
445
449
458
459
461
467
479
480
481
483
493
494
501
504
515
516
520
522
529
531
537
541
549
550
552
558
567
567
572
574
611
605
598
613
606
593
585
555
261
259
257
268
265
266
267
277
278
280
287
293
295
297
302
315
319
319
320
334
334
336
338
347
348
351
356
369
369
372
379
384
385
388
391
402
403
406
410
420
421
424
428
437
438
441
445
456
456
459
463
476
476
478
481
492
495
495
499
508
510
512
516
528
529
529
535
543
544
548
553
562
564
566
570
579
579
582
587
597
599
601
606
616
617
618
623
632
633
637
642
650
651
655
658
668
669
674
677
686
688
690
694
704
705
708
712
722
723
728
730
740
741
744
749
765
766
768
771
776
778
784
788
794
796
803
819
833
839
809
802
800
793
799
414
255
260
257
267
266
269
284
274
278
281
283
292
294
296
303
311
314
315
319
329
329
332
340
365
366
368
370
382
384
384
388
401
401
404
408
416
416
421
424
433
435
437
442
453
456
457
460
471
471
474
480
489
492
493
502
508
511
514
516
526
527
545
554
578
596
584
567
519
505
260
268
264
267
271
273
275
276
281
291
292
296
299
310
312
313
319
327
330
331
338
345
348
351
356
364
364
373
370
378
384
386
398
400
400
413
414
414
422
434
434
436
438
447
449
452
458
467
468
470
474
484
485
489
494
502
503
507
512
522
524
525
532
540
541
545
548
557
559
562
567
577
578
580
586
595
596
599
603
628
623
631
632
648
653
630
630
636
646
638
619
285
287
293
302
303
306
310
321
321
325
328
340
341
342
362
371
372
378
382
389
391
393
398
407
409
411
415
428
429
431
433
444
445
447
455
460
461
465
469
481
481
482
487
496
496
500
506
514
515
518
524
532
535
538
542
551
552
555
560
572
573
574
578
589
591
594
603
598
611
614
623
624
625
629
639
640
653
673
662
652
641
629
582
212
217
232
229
232
237
244
245
245
249
259
259
263
268
277
278
281
286
295
295
299
305
312
314
317
321
331
333
337
339
349
350
353
359
367
369
373
376
386
386
390
395
405
406
410
420
416
423
427
437
442
448
451
456
458
459
463
484
485
498
488
476
467
458
437
238
227
232
242
239
242
241
252
253
255
261
269
272
273
278
287
289
292
296
306
306
312
314
324
328
328
335
343
343
351
353
363
365
365
370
380
381
384
388
399
416
419
421
432
433
437
442
455
456
459
461
469
472
473
478
497
498
503
504
503
494
489
423
473
235
239
249
246
248
247
256
258
260
267
275
276
278
283
293
294
298
301
312
313
315
319
330
332
333
338
347
348
352
360
366
369
370
375
383
385
389
392
402
403
406
412
421
422
425
429
441
442
443
449
458
460
461
466
476
477
497
499
510
506
496
482
436
407
222
232
236
232
232
242
239
241
245
255
257
261
263
273
275
277
282
294
296
296
302
310
312
314
319
328
330
335
337
346
348
351
355
365
365
369
375
387
391
392
394
402
404
407
417
459
477
481
469
459
452
429
305
289
293
302
301
297
301
314
317
319
322
334
334
337
337
351
351
353
359
365
369
370
374
385
385
388
392
405
405
408
410
422
422
424
428
438
438
445
446
456
457
460
464
476
477
478
483
492
494
496
501
510
511
516
519
529
532
533
543
547
548
553
556
569
570
574
576
586
586
588
593
607
608
610
611
622
623
625
630
668
646
684
625
607
598
581
215
217
217
227
234
228
227
237
239
240
248
254
258
258
263
272
272
277
281
293
294
294
298
308
309
313
317
330
335
337
338
345
347
349
353
363
363
368
372
381
382
386
390
400
403
405
409
418
419
425
427
436
438
442
446
455
457
460
467
476
478
479
482
493
495
511
558
556
558
547
538
520
263
475
281
282
279
277
281
291
292
296
299
312
313
314
319
327
328
331
336
347
349
350
354
364
364
368
375
382
383
387
391
400
401
405
411
420
422
423
428
437
438
442
448
456
458
460
465
475
476
481
483
492
493
496
501
513
516
516
519
529
530
548
558
553
544
534
526
493
229
222
224
239
236
237
236
249
249
250
254
267
269
269
273
283
286
287
291
301
302
304
310
317
318
326
326
336
336
343
345
354
355
357
365
371
372
376
383
390
390
393
398
408
408
411
414
425
426
429
434
444
444
452
452
463
464
471
471
509
531
483
467
447
454
436
258
246
248
260
262
258
258
263
270
272
275
279
289
289
292
297
307
307
310
314
328
329
332
333
348
348
351
355
365
366
369
373
384
386
387
391
401
402
405
410
419
421
424
428
438
438
442
446
457
457
460
464
476
477
478
483
492
493
498
500
510
511
514
518
528
529
542
544
547
548
555
557
566
567
569
585
609
596
585
575
528
507
233
239
241
237
244
253
250
252
256
270
270
273
280
287
289
291
296
306
306
310
315
324
327
330
333
344
344
347
354
364
365
365
370
380
381
383
388
399
399
401
406
415
417
419
424
433
434
437
442
454
457
460
461
470
471
477
489
515
516
485
500
493
496
490
486
452
262
270
275
273
273
276
285
287
292
293
303
303
307
311
320
321
325
329
338
339
342
347
356
357
360
365
374
375
381
383
393
393
399
402
411
414
416
421
432
433
434
439
448
450
452
457
468
470
471
475
485
485
492
495
503
505
507
512
548
575
525
503
487
475
465
223
217
217
227
226
227
229
236
237
240
244
253
254
257
262
272
274
276
280
290
290
294
303
308
310
312
319
327
328
330
336
344
344
348
353
363
365
367
371
380
382
387
392
399
400
403
407
422
423
426
427
440
444
444
448
488
504
474
456
447
438
451
423
283
269
276
272
286
282
284
286
295
296
301
304
313
314
317
323
332
334
341
345
358
359
360
363
373
374
379
382
391
393
397
400
411
411
415
422
428
428
435
437
446
449
450
454
466
467
469
472
485
486
486
492
502
502
505
509
520
522
523
528
538
539
541
546
555
556
559
565
575
575
578
582
592
593
600
602
613
615
616
620
640
642
649
622
637
635
614
601
588
583
254
250
247
250
256
257
261
265
274
274
278
284
293
294
296
301
311
311
315
319
330
331
334
338
348
348
352
356
370
370
372
376
388
389
392
393
403
403
407
411
426
428
446
441
434
426
415
370
250
238
248
244
242
242
251
253
255
259
269
269
274
278
302
304
306
311
322
324
324
329
338
339
343
349
357
357
361
365
376
377
379
383
393
396
398
404
411
412
415
420
431
433
433
437
446
448
451
456
466
470
472
473
485
487
487
490
521
523
535
463
489
481
472
433
225
227
233
237
233
238
236
246
248
253
256
264
266
268
273
283
283
286
291
300
300
305
309
318
317
320
325
335
336
343
340
349
353
358
367
367
371
376
387
389
389
394
404
404
408
412
421
422
427
431
441
441
444
449
458
459
464
467
476
478
481
486
495
497
499
504
518
520
523
532
553
554
554
585
582
567
597
559
561
581
566
586
566
560
560
562
565
573
574
577
584
591
592
595
600
612
613
614
634
644
648
650
653
661
662
665
670
680
681
683
689
698
699
702
707
716
718
720
724
734
735
738
743
752
755
758
761
771
771
775
779
789
791
797
799
808
809
812
817
827
827
831
836
866
860
867
862
693
691
669
664
659
670
646
672
624
629
638
642
644
647
658
659
662
666
676
677
679
686
694
694
698
703
713
714
717
721
730
733
736
739
751
752
753
758
768
769
772
778
786
787
790
795
807
809
809
815
824

509
513
523
525
528
548
557
574
555
554
562
560
524
510
532
516
302
303
305
318
318
319
325
333
335
337
342
351
353
355
360
369
370
373
378
387
387
390
396
405
407
411
413
423
425
427
434
442
443
445
450
460
460
464
468
478
479
482
487
496
497
503
504
514
514
519
522
556
557
561
560
570
571
574
579
618
624
592
570
574
581
585
586
596
601
602
604
609
618
619
623
627
638
640
641
647
658
659
660
666
673
675
678
687
696
696
704
734
704
728
697
677
436
428
270
254
259
262
274
269
274
279
285
285
290
293
303
306
310
312
322
322
324
327
338
338
343
349
356
358
364
364
378
378
381
388
399
401
402
407
414
416
419
423
433
434
437
441
452
454
455
461
472
475
475
479
499
500
501
492
509
507
483
479
479
481
491
290
482
252
257
261
262
265
290
299
301
304
309
319
319
322
326
336
336
340
345
357
357
361
363
373
374
378
382
394
396
396
401
411
414
414
419
428
429
432
437
449
451
452
454
470
470
472
478
512
494
450
505
444
422
416
243
235
237
237
248
243
246
251
260
262
265
268
295
297
276
281
290
291
294
299
308
309
312
317
328
329
331
335
345
347
351
354
369
373
376
381
384
385
390
391
400
402
420
410
413
407
399
384
338
264
240
247
244
242
248
253
254
255
262
269
270
273
277
288
290
291
298
308
308
321
314
324
325
328
333
344
346
347
353
361
362
366
370
380
380
385
389
399
401
403
408
417
417
421
425
435
435
439
443
453
457
460
462
491
493
496
499
512
512
512
517
527
529
532
536
546
548
550
554
564
568
568
573
581
583
586
590
601
602
604
608
618
620
627
637
660
661
638
638
640
649
659
620
613
608
606
301
287
291
300
301
304
308
318
318
321
326
338
339
340
343
354
354
357
362
371
372
376
380
389
391
393
398
407
408
414
416
426
426
430
434
445
447
447
452
465
465
467
469
479
479
485
489
498
500
500
505
516
517
519
524
533
536
538
542
556
558
576
566
554
543
535
517
471
227
223
233
236
234
232
237
240
242
245
254
255
259
265
273
274
277
282
293
294
295
300
312
314
315
317
330
330
332
335
346
346
349
353
382
384
385
386
396
400
400
405
415
415
418
422
432
433
436
441
453
454
455
461
469
469
473
483
514
510
499
434
486
420
397
237
240
241
237
251
246
249
250
263
265
271
272
281
282
283
289
299
301
301
306
315
317
319
324
333
335
339
342
353
354
357
361
371
372
375
379
389
389
393
397
407
410
411
415
425
426
431
434
444
445
448
453
461
461
465
469
480
480
484
490
497
500
501
506
515
518
519
524
534
535
538
542
552
552
556
577
592
591
589
572
528
508
269
252
249
253
258
261
262
268
271
284
284
287
288
300
300
302
310
315
316
320
323
334
334
358
361
372
375
376
380
390
391
396
406
412
415
416
423
430
432
435
442
449
450
453
458
470
471
472
475
488
493
493
498
510
510
513
517
524
525
529
532
545
546
547
550
560
560
565
568
577
578
581
585
595
595
599
603
612
613
619
622
630
631
636
638
648
649
654
658
666
668
670
685
708
707
689
684
671
660
662
622
251
247
254
260
257
259
261
273
275
275
278
288
289
294
296
306
306
310
316
325
327
328
332
344
346
346
351
363
364
366
369
379
379
386
387
398
398
403
405
415
416
419
424
434
436
438
443
452
455
456
465
471
471
475
485
520
516
507
492
446
425
407
232
235
236
232
244
241
237
242
256
256
260
264
274
274
279
282
292
293
297
302
311
311
315
320
349
350
352
361
367
370
371
375
385
385
389
394
403
404
408
412
422
423
426
431
439
440
443
448
458
458
461
466
477
478
482
487
494
496
500
503
513
514
517
522
531
534
535
546
554
555
562
563
589
591
606
604
615
627
628
603
603
600
613
614
592
342
344
354
355
358
363
372
373
377
381
391
394
394
399
409
410
413
417
427
427
431
435
445
446
448
453
462
466
466
470
481
481
485
489
499
501
505
507
517
517
521
532
533
534
544
554
554
557
562
571
580
581
595
603
593
585
569
524
507
231
237
234
240
242
249
249
251
255
264
265
269
273
283
283
290
292
319
321
325
332
338
341
342
347
356
357
360
365
375
375
380
383
393
393
397
402
412
415
416
421
431
434
434
439
449
450
453
458
498
500
459
466
441
441
433
425
282
250
247
254
257
254
256
261
270
271
274
278
290
291
292
297
306
307
310
315
328
328
329
336
345
349
343
352
357
368
369
370
378
384
386
388
392
402
402
406
410
441
433
431
426
428
420
414
393
349
253
252
262
258
257
261
271
272
274
279
289
289
295
297
307
311
311
317
325
326
329
334
343
344
348
352
361
362
365
370
379
380
383
388
397
398
404
407
416
419
420
427
434
437
439
443
452
454
458
461
472
473
475
499
509
513
514
518
528
529
533
536
546
547
551
555
564
566
568
573
582
584
587
591
599
601
605
609
617
620
621
626
636
639
640
650
664
676
665
657
668
648
665
638
629
633
631
290
281
286
292
293
296
301
310
310
314
319
330
331
332
336
346
347
351
355
365
365
369
373
382
383
387
391
400
401
404
409
421
422
423
427
436
437
440
444
454
457
458
462
471
473
483
475
491
502
506
509
509
518
521
522
528
566
577
541
553
552
552
560
580
541
309
274
274
277
278
281
286
295
299
300
307
313
315
317
327
336
337
340
346
356
357
359
362
372
374
375
379
389
389
393
399
407
411
412
416
428
428
430
435
444
445
449
454
486
486
487
489
498
499
501
506
515
517
521
526
534
534
538
545
556
557
558
565
572
574
575
580
620
646
637
593
578
568
558
263
542
268
272
285
282
280
282
292
294
296
302
311
314
314
319
329
329
334
339
348
350
351
356
366
368
371
374
384
384
389
392
406
406
407
410
420
422
424
429
439
440
443
447
457
457
461
467
476
477
479
484
494
495
499
505
514
514
517
521
531
532
535
540
549
550
553
559
569
570
572
577
586
586
607
600
607
609
612
616
628
637
631
636
644
644
650
653
662
664
666
674
682
684
685
690
700
701
705
708
718
719
721
726
740
741
743
745
770
765
773
777
794
798
799
794
807
833
804
798
782
463
464
469
471
483
484
485
489
499
500
503
507
520
520
521
528
539
543
543
544
553
553
557
564
571
575
575
580
589
591
593
598
607
610
611
616
627
628
630
634
644
645
651
653
663
663
668
671
684
689
690
693
700
703
704
709
738
740
620
609
602
594
589
579
533
257
257
272
271
266
271
283
285
286
291
299
300
305
308
318
318
322
327
336
336
340
344
354
355
358
362
372
373
376
380
390
392
394
398
408
411
413
417
426
427
430
436
451
452
454
454
462
463
466
472
481
483
485
489
499
500
503
507
517
518
526
535
540
542
548
550
560
561
564
588
600
597
597
591
590
581
578
569
315
301
297
297
306
307
311
315
325
326
329
337
344
344
348
352
363
364
366
370
381
384
385
389
399
399
402
407
416
417
420
425
435
436
439
444
453
454
457
462
471
473
475
480
490
493
494
498
508
508
512
517
528
529
530
534
546
547
548
552
564
564
568
571
582
586
588
591
599
600
603
608
645
659
657
647
634
587
568
255
260
256
257
262
270
272
275
275
285
286
290
294
303
304
307
313
321
322
325
332
339
341
343
348
357
357
363
365
375
376
379
383
395
396
397
401
411
412
419
423
429
430
433
441
449
451
451
456
465
465
469
473
483
483
487
493
501
501
505
510
519
521
523
542
556
551
531
525
518
533
492
535
496
504
290
277
272
276
283
292
292
294
300
308
309
312
317
328
329
332
335
345
345
351
354
365
367
368
372
384
385
386
390
400
400
403
409
424
424
428
431
440
441
443
448
459
460
463
466
476
476
483
484
494
497
498
503
529
530
535
515
513
505
497
478
435
231
227
237
233
237
236
247
247
251
257
264
266
268
273
283
284
287
291
301
303
306
310
320
320
324
329
341
341
342
347
360
362
366
366
376
377
378
384
392
395
397
418
435
425
402
397
396
411
415
384
383
366
381
362
269
271
276
287
288
289
294
320
322
323
327
336
339
341
346
354
355
359
363
373
374
377
381
390
391
396
399
409
411
413
417
428
428
432
435
447
448
449
453
464
466
467
472
481
482
485
490
502
503
503
508
519
521
521
526
536
537
545
539
550
554
563
567
568
587
609
601
589
574
528
508
231
229
226
222
228
237
233
233
239
252
254
255
260
273
273
270
283
285
288
295
302
305
306
311
323
324
327
329
340
340
344
349
357
359
363
366
378
379
381
386
398
401
402
403
425
425
431
427
442
473
428
380
361
352
273
254
260
257
264
269
270
273
280
281
283
288
303
304
313
306
344
335
349
325
284
289
282
255
252
248
250
252
252
256
261
270
271
273
278
287
290
294
295
305
306
309
314
323
326
327
336
341
343
345
351
362
364
364
368
377
379
381
386
395
396
401
405
413
414
417
425
432
435
435
440
454
453
456
464
474
475
481
482
495
495
496
502
515
519
521
522
529
531
536
548
578
583
549
550
550
560
561
559
567
347
302
309
308
314
315
316
320
330
332
335
340
349
351
352
358
371
371
373
376
386
387
391
395
403
405
407
416
425
426
427
432
440
441
448
449
460
461
469
473
483
485
486
493
503
503
505
509
519
522
523
528
540
542
542
545
558
560
561
563
573
573
577
581
592
592
594
599
608
612
613
617
646
647
655
659
670
670
673
677
686
690
691
695
704
705
708
714
722
726
726
731
740
742
745
749
759
761
765
768
776
776
782
784
793
795
813
829
837
808
792
774
765
742
224
227
232
243
241
236
241
251
252
254
260
268
269
276
277
287
288
291
296
305
305
309
314
323
324
327
330
341
342
345
349
362
362
363
370
377
378
381
386
396
396
398
404
417
418
419
423
432
432
436
442
450
452
456
458
467
469
472
478
485
486
489
499
529
539
481
531
465
449
442
272
244
242
247
255
255
255
257
269
269
274
273
283
283
287
294
303
304
305
311
320
321
323
327
337
338
343
348
355
356
359
364
373
373
380
387
398
398
400
404
414
414
417
422
433
433
436
442
466
467
470
474
484
486
487
493
501
502
506
510
519
522
524
530
541
541
542
546
556
556
563
564
575
576
579
585
595
595
597
602
611
612
616
620
630
633
636
639
648
649
652
658
666
668
685
693
694
687
685
682
662
625
259
262
272
269
273
275
281
284
285
290
300
300
304
308
318
319
322
327
336
338
341
345
356
357
359
363
373
376
378
382
392
392
400
396
405
412
419
420
423
428
438
439
442
452
479
445
411
464
402
388
378
255
246
247
254
257
253
257
261
271
272
275
280
293
296
298
298
310
310
311
315
327
327
329
333
366
361
364
367
377
378
379
384
396
395
397
412
405
406
410
416
423
425
427
432
444
445
446
451
460
461
464
468
478
479
484
488
498
500
504
506
515
517
529
533
553
548
521
517
519
526
495
536
486
282
262
257
262
265
275
276
278
282
293
295
298
301
310
311
314
319
330
331
333
340
347
348
351
356
368
369
369
373
383
384
389
393
402
405
405
410
421
422
424
428
439
441
446
449
457
458
461
465
497
488
498
489
475
468
407
457
232
232
243
239
242
247
252
252
256
260
271
271
274
281
288
290
293
297
306
308
314
315
325
326
329
333
343
345
346
352
381
383
387
390
401
403
407
414
423
425
426
430
441
443
445
449
459
459
466
468
477
478
481
485
496
496
500
505
515
517
519
522
531
533
536
540
549
550
554
558
568
569
572
577
587
587
590
596
605
606
629
614
611
600
590
582
543
229
227
228
242
238
237
237
246
247
250
254
264
264
270
272
282
283
286
291
301
301
305
309
319
320
322
327
337
338
341
347
356
358
363
364
374
378
383
403
411
417
403
356
342
318
312
242
239
242
242
252
247
251
256
265
265
269
274
283
284
290
293
302
303
306
309
321
321
324
329
338
339
344
347
356
361
364
366
401
403
405
431
441
442
437
412
412
392
355
363
364
398
389
357
363
365
377
378
379
386
393
394
396
402
410
411
414
419
430
430
433
438
449
451
451
456
466
466
471
474
486
487
488
493
502
507
509
513
522
523
525
530
569
514
589
493
478
469
461
437
237
243
243
255
252
248
253
281
249
252
258
270
272
276
281
289
291
293
298
310
313
318
320
327
329
329
334
360
363
355
346
352
361
311
356
308
299
295
272
278
284
288
288
291
298
307
308
311
313
324
324
327
332
343
345
345
350
360
360
365
369
380
380
383
387
398
400
400
406
415
417
419
424
433
435
436
442
453
454
456
459
469
469
473
477
488
490
492
496
506
507
511
515
525
526
529
533
543
545
550
555
561
565
566
570
583
586
589
589
598
601
612
623
634
623
613
602
555
535
232
242
246
244
242
247
247
251
258
264
265
268
272
283
285
288
289
300
302
304
309
319
319
323
329
337
339
343
346
356
357
363
366
374
377
380
383
395
396
397
404
438
447
437
388
367
354
343
258
234
232
237
247
244
241
246
256
257
259
265
274
277
278
282
307
307
309
311
322
323
325
330
340
341
342
350
357
357
361
364
376
377
379
385
394
394
397
402
411
412
417
420
430
430
434
438
453
453
457
461
467
470
469
474
489
489
496
505
497
486
477
417
468
257
247
257
253
252
252
263
264
265
271
279
280
284
288
299
301
303
309
316
317
320
325
337
338
339
346
356
357
359
363
372
372
375
381
391
391
395
399
412
412
414
418
428
430
432
440
447
448
451
469
484
483
471
458
412
402
389
255
251
252
257
262
261
263
266
276
278
280
285
293
297
297
302
311
312
316
321
331
332
334
358
364
366
367
371
382
383
385
392
400
401
405
408
416
417
421
425
436
436
439
446
454
455
457
462
472
475
475
480
489
491
493
498
507
507
511
516
527
528
529
535
543
543
547
552
561
561
565
569
579
579
583
588
601
601
605
605
615
617
618
623
649
652
643
641
666
669
645
639
635
645
644
644
612
297
262
272
274
275
280
289
289
294
298
307
309
311
316
325
326
331
334
347
349
349
353
365
365
366
372
384
384
386
389
398
399
402
407
419
419
420
429
436
438
442
444
459
459
462
477
483
483
502
494
492
492
492
488
479
439
278
282
287
292
288
296
291
300
305
316
318
319
323
333
333
337
341
351
352
355
363
369
371
373
377
403
405
406
414
421
421
425
429
440
440
444
447
457
458
461
466
475
476
480
484
495
497
499
503
514
516
517
522
532
532
546
549
556
546
536
529
504
458
246
247
257
253
258
257
266
267
270
275
284
286
288
294
302
303
306
311
321
321
325
329
341
343
343
348
357
358
362
366
376
380
381
386
395
396
399
404
414
415
417
421
432
433
437
440
451
451
454
462
468
471
472
476
487
489
491
495
504
506
508
513
522
524
525
532
542
543
544
548
559
559
568
576
602
586
617
575
561
550
563
536
282
278
277
282
286
287
290
295
304
305
308
313
325
325
326
334
341
342
345
349
358
359
362
370
376
378
380
387
394
394
398
402
411
412
415
420
429
430
433
438
451
454
456
458
468
469
471
473
483
483
490
492
502
502
508
512
518
519
523
527
537
538
540
546
554
554
558
563
574
575
576
581
592
592
595
599
610
614
616
619
628
628
632
646
673
670
665
645
599
579
248
232
236
232
232
242
240
241
245
256
258
259
263
273
273
277
281
290
291
295
303
309
312
313
317
333
335
332
339
347
349
349
355
363
363
366
370
381
382
386
389
399
400
403
409
418
419
432
422
437
437
463
470
471
483
485
491
462
496
456
444
453
455
432
441
340
322
324
338
331
338
340
345
358
361
362
364
373
374
377
382
393
395
396
399
411
413
416
418
429
430
432
437
446
448
451
455
465
465
468
472
483
484
494
487
498
501
511
513
515
520
530
530
535
538
548
549
552
560
567
571
577
581
589
590
593
598
611
614
616
617
629
629
630
634
655
656
659
670
657
651
641
634
598
249
255
257
269
265
262
266
276
276
280
285
295
297
299
303
315
316
318
322
332
335
339
340
351
353
354
358
369
371
372
379
387
387
391
396
405
407
410
415
425
425
428
433
442
443
446
461
478
466
456
458
414
399
375
262
258
262
262
272
268
271
276
285
287
289
300
296
304
314
313
319
328
329
331
335
346
350
351
355
366
367
369
374
410
407
397
381
334
314
302
254
236
237
238
247
243
243
248
256
258
260
265
274
276
279
283
296
297
297
303
312
313
319
323
333
334
338
340
350
350
354
369
394
403
392
344
322
307
295
256
245
247
252
257
254
256
260
270
271
274
279
289
291
295
297
309
311
312
316
325
326
330
333
344
346
356
360
363
363
369
389
398
399
405
386
374
361
355
346
324
266
267
274
287
284
284
286
296
296
301
308
317
319
319
324
333
334
339
343
352
352
356
361
370
371
373
379
389
390
394
398
407
408
411
418
426
427
430
436
444
445
448
453
463
466
467
471
480
481
484
491
499
500
505
507
519
523
525
526
536
538
541
545
568
571
580
562
551
543
537
519
474
242
244
253
250
255
251
261
262
266
271
279
281
285
288
298
301
302
306
317
318
323
326
337
338
339
344
353
354
360
362
371
372
376
381
390
390
396
399
408
408
412
416
429
430
430
437
445
446
459
463
483
480
457
466
467
476
481
448
442
439
445
307
292
296
303
311
314
316
318
328
329
333
337
347
347
352
356
366
369
370
374
383
384
387
393
402
403
406
409
420
420
427
429
438
441
442
447
458
459
461
473
466
480
484
476
500
520
510
499
486
439
421
396
232
229
232
238
242
238
241
245
257
257
259
265
273
275
280
282
294
295
297
301
310
311
316
318
328
329
332
336
346
346
351
353
364
365
368
374
383
384
392
387
416
412
397
386
377
370
341
252
227
234
237
234
237
236
247
248
251
257
264
266
269
273
286
288
292
297
306
308
313
315
325
325
329
334
366
368
368
372
381
382
386
391
400
401
404
409
418
419
422
427
437
441
445
448
456
457
461
467
475
475
478
498
514
505
495
484
437
417
395
258
254
257
263
272
267
272
276
285
287
291
294
304
304
308
313
323
326
328
332
342
344
347
350
360
362
364
368
379
381
383
390
396
399
403
405
414
414
418
422
433
434
436
443
452
453
455
463
469
470
473
479
489
492
493
496
506
507
521
527
535
525
517
503
457
440
234
243
239
242
244
255
251
288
249
260
263
268
269
282
283
285
287
297
297
305
306
316
318
319
326
336
336
338
342
352
353
358
361
370
371
375
385
397
399
402
402
413
413
415
420
457
458
405
423
409
402
395
388
348
254
252
262
258
257
261
271
271
275
279
289
290
292
298
307
308
311
318
325
326
329
334
344
345
347
354
362
362
366
371
381
381
385
390
399
402
405
408
423
426
431
431
438
440
441
445
465
467
478
460
446
435
428
368
421
238
242
255
254
252
250
264
265
266
271
279
282
287
283
292
297
307
307
311
317
326
327
329
333
343
344
353
353
365
367
367
373
384
387
389
390
415
410
415
413
435
423
445
425
425
444
411
454
415
404
362
362
342
345
356
358
360
365
373
376
379
381
403
406
399
396
413
392
391
380
402
409
381
356
367
349
306
307
312
321
321
324
329
339
339
343
347
357
357
361
365
375
376
379
386
396
396
399
403
414
416
417
422
431
432
435
455
474
470
459
397
448
378
360
242
238
242
262
268
264
266
271
281
282
283
289
299
299
306
309
317
319
322
327
336
336
339
344
355
356
358
364
373
373
377
382
391
393
396
403
411
414
416
420
429
431
445
455
462
432
464
426
418
417
442
408
291
263
267
271
273
275
279
290
290
294
300
308
309
312
318
327
327
332
335
345
346
348
354
365
366
367
372
381
381
385
389
399
399
403
408
421
423
427
430
437
441
443
445
454
456
463
478
489
492
436
488
425
411
402
265
258
257
262
268
269
270
274
287
288
291
293
302
303
308
311
320
320
327
335
335
340
345
354
355
358
363
373
376
376
385
395
396
400
401
411
412
435
433
433
395
446
412
401
404
395
318
285
287
292
298
299
300
305
315
315
319
324
335
335
339
343
352
353
356
360
369
371
376
378
388
389
392
395
406
406
410
416
424
425
429
434
443
446
448
452
464
464
469
472
480
481
491
493
499
502
503
508
523
524
543
535
542
540
529
517
470
449
260
268
275
273
274
281
283
286
290
299
301
306
308
319
322
322
328
338
340
341
344
356
357
360
363
373
374
377
384
392
395
396
399
410
410
413
418
428
430
432
436
446
446
450
454
464
466
468
473
483
486
486
491
500
501
503
508
518
519
523
528
536
556
557
558
569
570
573
588
618
625
604
556
528
534
550
550
566
541
549
551
553
558
568
568
572
577
587
588
591
598
607
608
611
614
640
641
645
631
408
399
392
377
338
235
232
242
239
242
241
251
253
255
259
269
270
272
278
286
288
290
296
305
305
311
314
326
328
328
334
342
343
346
350
361
364
364
367
379
379
382
387
397
397
400
405
414
414
418
422
433
434
437
446
476
460
454
451
469
457
437
437
436
433
448
412
303
267
278
280
281
286
294
298
298
306
311
313
318
321
330
331
334
338
351
357
361
363
367
368
373
377
389
391
394
395
405
407
410
416
424
425
429
433
458
460
462
467
477
481
485
487
499
499
500
504
523
524
536
518
512
505
531
489
443
249
254
263
260
264
261
271
273
275
281
291
293
293
300
309
316
317
318
329
331
332
337
347
349
351
355
364
365
367
373
383
384
387
394
402
404
407
411
421
423
424
428
439
439
443
447
458
458
462
468
482
483
486
493
501
503
515
528
534
571
529
482
464
450
434
255
257
267
262
267
270
282
282
284
289
299
301
302
308
316
318
321
327
335
337
339
343
355
356
358
362
373
375
394
396
410
410
415
418
449
426
442
445
463
453
443
380
430
367
255
253
253
256
252
257
257
261
266
275
278
279
284
293
294
298
302
314
318
320
326
318
332
340
341
344
355
364
366
367
372
409
384
422
362
347
336
326
306
238
244
249
252
248
245
253
261
262
265
269
279
284
288
282
299
295
302
307
317
318
320
325
334
337
342
343
355
359
361
362
372
374
391
401
387
376
397
354
308
276
232
242
238
237
242
246
247
250
256
265
265
269
273
284
284
287
314
322
322
325
333
343
345
346
349
359
361
363
370
379
382
384
386
396
399
400
405
417
418
418
424
432
434
452
472
486
480
432
410
396
387
286
260
262
262
273
268
271
276
286
287
290
293
303
305
307
312
322
321
327
337
336
341
350
350
354
359
369
371
373
378
390
391
393
399
406
407
410
414
425
425
429
433
445
446
447
451
463
465
466
470
480
483
484
489
498
501
502
507
544
564
532
511
489
480
471
452
233
232
233
262
259
262
262
272
275
275
280
289
290
292
298
308
308
311
319
328
330
332
334
346
347
348
352
362
363
367
374
382
383
388
391
403
403
406
421
437
427
423
408
361
348
324
247
246
247
247
257
252
256
260
284
292
282
286
298
291
247
252
237
207
204
207
214
216
217
220
235
222
223
226
234
241
242
244
249
261
263
263
269
282
283
290
307
318
324
311
294
247
208
202
212
208
207
212
222
220
223
225
236
236
239
243
253
254
257
262
271
272
276
279
289
290
294
297
325
327
328
332
341
344
348
350
360
363
368
362
373
393
405
427
404
354
348
330
322
277
246
247
248
262
258
258
261
272
274
277
281
290
291
293
298
308
308
313
316
328
329
331
336
345
349
349
354
364
365
369
373
380
382
387
396
397
401
404
418
420
422
424
435
436
440
448
483
494
435
482
417
401
394
252
380
256
259
268
276
266
271
280
281
284
289
301
301
304
308
318
319
322
327
337
338
341
346
356
357
359
365
374
375
378
402
408
408
413
416
427
428
431
435
446
447
449
454
463
464
467
472
485
486
490
494
499
500
504
508
518
518
522
546
547
556
543
496
476
462
247
243
282
253
257
254
254
259
269
270
274
277
287
288
291
297
307
308
309
315
324
327
328
333
344
347
350
351
363
363
365
371
384
384
406
406
401
394
384
380
331
316
265
267
264
262
264
271
272
279
280
291
292
293
300
307
310
314
316
326
327
331
334
345
346
348
355
362
365
365
370
381
381
387
388
399
401
403
412
419
420
422
426
437
439
440
446
455
456
458
465
472
473
476
484
491
491
495
500
515
515
516
534
565
591
560
549
534
544
550
520
512
503
509
324
322
326
337
339
342
345
355
356
359
369
369
372
377
388
388
391
394
405
406
408
413
423
424
431
433
441
442
446
450
460
460
465
469
478
479
482
487
498
498
501
505
514
514
518
522
532
533
540
541
551
554
558
559
593
582
579
580
591
595
569
561
560
572
576
553
546
299
309
311
314
318
327
328
330
337
346
348
350
354
364
365
369
373
383
384
386
391
399
401
404
409
418
419
422
427
437
438
440
446
456
458
460
463
475
478
479
482
492
494
496
522
525
526
531
534
544
547
550
553
561
563
566
572
580
581
584
588
597
599
601
610
615
617
619
626
636
637
638
643
682
685
663
654
649
660
633
676
625
610
290
274
270
271
283
284
285
290
299
301
303
306
317
318
321
326
335
336
338
344
355
357
358
363
371
372
377
381
390
390
393
398
408
409
411
417
428
428
432
435
445
446
455
479
466
456
480
436
423
227
378
234
246
237
243
242
246
247
250
257
265
266
267
272
281
282
286
290
299
303
300
308
313
316
326
326
333
338
345
346
353
351
361
362
367
405
385
376
373
384
382
360
367
378
374
385
352
320
282
286
287
289
296
303
305
308
313
324
327
326
332
335
340
350
352
354
369
370
365
374
389
391
393
403
436
438
422
373
358
340
331
261
248
252
251
262
258
260
266
275
276
279
284
297
297
299
301
312
312
316
320
330
330
333
343
344
346
352
361
362
367
371
379
381
383
388
398
399
403
405
416
417
421
426
436
437
438
443
453
454
458
462
474
474
477
480
491
493
498
499
508
509
512
530
549
578
553
549
545
539
562
535
537
549
546
507
496
497
508
509
511
517
525
526
534
535
545
547
548
553
565
565
568
570
581
582
587
590
600
602
604
612
621
622
623
627
637
475
478
485
493
494
497
501
510
511
514
519
528
529
532
538
549
549
554
554
564
568
569
573
584
585
587
597
625
610
616
602
628
592
577
580
563
553
275
268
265
270
281
281
283
291
298
299
301
307
317
317
321
325
337
338
339
346
353
354
358
361
372
372
383
385
390
391
393
397
408
409
412
416
428
430
434
435
445
446
448
453
462
463
466
473
481
483
485
488
499
500
508
521
533
530
519
475
457
439
429
251
251
247
257
252
255
278
280
281
283
289
298
298
303
307
317
320
322
325
337
337
339
346
356
356
357
362
372
372
377
382
390
391
398
404
415
417
417
424
431
432
436
440
447
450
456
466
468
469
473
483
484
486
492
530
551
546
544
504
502
488
480
315
293
292
298
301
302
306
310
320
321
324
330
340
341
341
349
356
357
360
365
376
377
379
383
395
396
397
401
411
412
416
421
431
431
434
440
448
449
453
457
467
468
472
477
487
488
490
494
509
510
507
516
520
523
533
534
538
543
553
554
561
562
570
572
581
602
597
587
581
568
568
526
251
249
260
262
258
262
261
271
272
274
279
290
292
294
297
308
308
312
316
326
327
334
335
346
348
350
353
363
365
368
371
382
383
385
392
403
405
407
410
419
422
423
443
456
447
439
425
380
360
337
239
241
237
241
247
243
245
250
261
261
264
268
278
279
284
286
297
297
301
306
315
316
318
323
333
334
337
341
353
354
356
362
391
377
381
375
387
381
354
353
352
361
359
355
305
267
263
271
273
275
279
288
290
292
298
307
310
313
315
326
326
330
333
344
345
348
353
362
363
365
370
379
382
383
389
398
399
402
406
421
421
424
425
435
436
460
484
494
485
480
464
419
406
368
277
277
304
269
278
280
286
290
303
304
304
310
321
323
324
326
337
337
344
345
356
359
361
365
380
381
395
406
396
392
382
372
331
314
257
268
264
269
273
276
279
280
286
295
295
300
304
314
315
317
324
332
334
336
343
350
352
353
359
369
370
375
379
387
390
391
396
406
406
409
415
424
425
428
434
442
443
446
451
463
464
467
469
479
479
489
491
497
500
500
541
542
575
558
548
528
518
509
475
449
461
482
286
286
287
292
301
302
305
311
321
323
324
327
337
337
340
345
354
355
359
363
373
373
377
380
391
391
394
398
409
409
411
416
428
430
432
437
447
449
470
461
448
438
430
417
371
230
217
227
223
227
227
232
232
235
239
248
250
254
258
268
270
271
276
285
287
293
295
303
305
307
313
323
323
330
332
341
344
346
353
360
361
369
388
390
428
385
337
319
306
293
248
247
252
265
261
257
260
273
273
273
278
292
292
293
299
309
309
310
317
325
326
329
333
358
361
363
363
372
372
377
379
390
390
393
397
407
408
410
415
428
429
429
433
443
443
447
450
469
471
472
473
479
480
484
488
517
518
517
496
483
477
469
452
263
238
242
252
251
252
253
261
263
265
270
279
280
282
289
302
303
306
311
321
323
325
328
338
339
344
346
357
357
361
367
377
379
381
385
393
395
398
404
412
413
416
422
435
435
436
440
449
451
455
457
469
470
472
476
486
488
491
494
505
507
509
518
526
527
528
532
542
543
548
561
587
572
559
566
577
573
540
555
550
559
555
515
517
522
530
349
352
357
366
366
369
373
384
387
391
391
403
405
406
412
419
420
423
429
438
439
442
446
456
457
459
465
474
475
477
485
492
494
496
502
510
511
515
519
529
529
533
538
551
552
553
555
577
578
602
585
575
567
560
549
504
250
258
265
256
263
257
266
267
271
274
286
288
288
293
306
309
311
311
321
323
324
330
340
341
342
346
357
358
361
367
376
377
380
384
394
395
397
401
411
412
418
424
430
431
436
439
449
450
454
463
499
505
504
490
443
424
411
288
258
259
264
272
267
270
274
285
286
289
292
305
305
312
308
319
320
325
335
336
339
343
383
386
388
382
394
395
374
368
371
380
343
335
337
346
356
356
359
367
373
374
379
383
393
394
397
405
417
421
422
425
437
437
440
446
485
492
465
464
459
460
429
467
422
418
407
270
271
274
280
285
285
289
299
300
304
308
317
319
322
327
336
338
340
343
354
355
363
363
372
373
378
380
394
394
395
398
409
410
413
420
427
429
435
435
446
447
449
454
464
466
468
472
479
481
489
497
497
501
505
516
517
519
525
534
536
537
546
557
558
582
586
610
612
614
599
586
585
556
519
528
535
554
533
536
538
550
550
553
557
567
568
571
575
588
588
590
594
604
606
607
614
624
622
628
638
639
642
644
666
668
403
426
418
411
391
343
232
232
242
238
243
241
251
252
254
262
270
270
277
278
291
291
292
299
308
307
316
319
320
324
334
335
338
346
353
354
356
361
372
373
377
388
396
397
417
402
398
350
399
334
320
264
253
259
257
264
264
266
271
280
281
283
290
300
301
302
307
317
317
320
325
335
338
340
344
355
356
357
362
373
374
376
380
408
410
434
412
422
411
406
397
371
272
322
301
266
262
267
270
280
281
283
288
301
302
306
308
316
318
321
330
338
339
339
345
354
355
357
361
377
378
384
387
395
396
399
403
413
414
418
424
431
432
435
442
452
453
455
458
468
469
474
477
487
488
490
498
506
508
514
520
530
531
533
549
572
585
543
526
508
497
495
277
255
256
257
268
265
266
272
280
281
286
289
300
299
303
312
313
318
321
332
332
336
342
350
352
354
359
387
390
391
392
403
404
407
411
422
423
431
435
455
456
459
466
476
459
454
446
462
459
440
442
417
431
404
297
303
305
326
327
311
319
325
325
330
334
344
346
350
358
362
362
365
391
403
435
393
369
324
310
295
243
241
248
247
247
246
246
251
260
263
267
269
279
279
281
286
297
298
301
306
315
316
319
335
352
352
329
328
322
331
301
324
285
287
245
284
242
241
253
254
257
260
270
271
272
277
289
302
308
309
316
318
320
325
337
338
338
344
353
354
357
361
372
374
377
383
391
394
394
398
409
409
413
432
451
453
423
409
390
382
381
344
256
257
257
267
262
267
270
280
281
283
287
298
299
301
306
315
316
321
324
334
336
339
343
353
356
358
361
372
372
375
379
388
391
395
398
407
409
413
416
453
482
436
412
399
389
383
353
234
236
244
257
254
253
257
265
266
272
274
285
286
288
294
302
305
305
310
320
322
327
330
340
341
343
350
358
361
362
367
376
377
380
386
395
395
398
404
413
414
419
421
432
432
435
442
450
453
455
459
484
486
488
493
503
505
507
514
522
525
526
529
541
542
548
549
560
563
569
573
582
582
586
601
628
634
624
580
569
549
541
525
257
263
262
267
265
266
272
281
282
283
292
298
298
303
307
317
318
321
327
329
334
340
341
344
354
361
363
366
370
380
381
386
395
406
407
408
412
452
476
428
404
385
377
369
239
348
249
245
252
248
246
256
262
263
264
269
279
280
284
288
298
299
300
307
315
318
321
323
334
337
338
344
351
354
357
361
373
374
376
381
390
393
394
401
409
411
412
417
432
432
434
472
483
473
461
456
447
427
381
276
273
283
279
280
285
294
295
297
302
312
315
316
320
331
333
335
340
351
352
353
360
369
369
371
375
386
386
389
395
407
409
412
413
425
427
427
433
472
488
439
422
403
393
384
359
233
236
236
247
243
241
245
256
255
262
265
274
274
277
282
291
292
300
305
315
316
321
324
334
336
337
344
353
355
356
360
374
375
379
380
390
393
393
399
415
418
432
430
430
420
405
383
364
390
393
399
381
300
297
300
311
312
316
321
330
330
337
340
348
348
351
356
367
368
370
377
383
385
389
394
402
403
407
411
421
421
427
431
444
446
448
454
462
465
466
470
480
481
486
489
500
501
503
510
517
518
523
528
536
536
544
544
579
566
560
553
572
572
545
538
547
543
553
514
496
278
292
292
294
296
306
307
310
316
327
327
331
332
342
342
346
349
360
360
363
367
378
379
381
387
396
398
404
404
414
414
417
422
433
433
435
439
451
452
453
460
470
470
471
477
486
490
490
493
504
504
507
523
540
547
484
521
488
475
462
253
252
257
267
265
263
265
271
275
279
290
292
293
300
307
308
311
315
326
326
329
333
344
346
348
353
362
363
365
375
381
375
386
392
402
404
406
412
407
416
456
457
426
404
390
381
373
340
228
231
232
243
241
237
241
251
251
254
259
271
271
272
277
286
288
290
295
306
309
309
314
322
326
329
331
344
345
348
350
362
363
363
371
378
379
385
386
398
403
404
408
415
415
420
424
459
451
451
448
448
441
390
431
376
274
262
260
276
276
286
287
291
295
305
307
308
320
316
324
329
340
341
343
347
356
356
361
366
376
376
379
386
395
396
399
403
412
414
416
420
430
431
435
441
451
452
454
458
469
469
474
479
487
488
491
495
505
509
510
513
540
539
537
536
556
559
537
527
526
544
540
517
501
477
487
488
492
496
505
506
509
517
524
525
529
533
542
543
546
552
561
562
567
570
578
580
584
587
597
598
602
605
617
621
622
623
636
637
643
661
508
505
492
444
430
411
256
235
236
237
248
246
242
246
257
257
259
264
274
278
278
283
294
295
296
302
313
314
316
321
329
330
334
338
364
364
368
372
382
382
386
389
402
405
407
409
418
419
443
438
427
456
420
402
356
331
233
237
233
237
242
246
247
251
254
266
267
270
272
283
284
293
293
297
308
309
311
314
325
326
328
335
344
346
348
354
362
362
366
370
381
382
396
398
408
385
382
377
394
390
373
356
357
355
271
321
267
274
282
282
284
288
299
300
305
306
319
321
322
328
335
336
342
345
354
355
358
362
372
377
377
384
389
390
393
398
409
410
412
416
428
428
432
435
445
447
449
454
463
465
468
473
482
484
485
490
501
503
504
511
519
519
522
527
573
594
596
587
574
528
514
480
476
477
507
277
287
288
291
298
308
308
315
318
330
331
334
337
347
349
353
356
366
369
370
374
386
388
388
393
403
405
408
413
423
423
