457
466
468
470
475
485
488
490
493
503
504
506
512
547
548
550
561
590
595
567
565
549
510
510
512
529
551
518
511
514
520
528
529
532
536
546
546
550
554
564
565
567
572
585
590
590
593
371
375
377
378
387
389
390
396
405
406
409
416
424
426
428
432
442
444
446
450
460
461
463
469
481
481
484
486
495
496
499
505
517
518
520
523
531
533
535
541
549
552
553
558
568
569
572
577
588
591
592
594
604
605
610
612
632
633
644
641
632
623
621
587
229
228
233
243
240
240
238
247
249
251
260
265
268
270
274
285
287
288
292
302
303
307
311
322
324
328
330
340
341
344
348
358
359
362
366
376
378
380
385
397
401
403
403
412
413
419
420
429
431
433
438
448
450
451
455
466
468
469
474
484
485
487
492
501
503
505
510
519
517
519
527
536
537
541
541
552
552
554
560
569
592
594
597
607
609
611
629
645
646
624
628
620
598
573
612
310
307
283
270
273
276
286
288
290
294
304
307
308
316
323
323
325
332
340
342
344
348
358
359
364
369
375
376
379
385
392
395
397
402
412
414
418
421
430
432
433
439
448
449
452
456
465
467
469
474
484
485
488
492
502
504
508
510
523
525
526
529
539
539
544
547
556
557
561
564
574
576
579
583
593
593
597
601
613
614
616
621
629
631
633
638
648
650
651
657
666
667
672
674
684
686
704
705
731
726
710
710
691
708
710
707
282
250
248
253
253
256
262
278
279
280
284
294
296
298
317
318
320
324
334
336
338
345
352
354
356
360
372
373
375
380
389
391
392
398
407
409
411
419
425
428
445
448
459
460
462
469
477
479
480
484
496
497
499
506
513
515
519
523
534
536
538
541
550
551
557
559
570
572
575
577
587
588
593
595
606
607
609
613
624
626
628
630
641
643
646
653
660
669
669
681
700
687
687
688
700
702
676
671
654
282
255
261
260
267
269
273
275
285
286
289
294
303
306
309
312
323
323
327
332
342
345
345
349
360
361
364
367
377
379
382
387
396
397
400
405
414
416
420
423
432
434
435
442
449
452
455
458
468
469
472
478
485
488
489
495
504
506
514
520
527
529
531
534
545
547
549
554
563
564
566
572
581
582
586
590
600
600
605
608
618
619
622
626
636
639
641
645
658
661
670
671
683
669
669
670
680
685
651
642
329
271
265
266
290
291
292
294
300
309
312
313
317
330
331
333
335
346
348
349
357
367
369
371
372
383
384
389
392
401
403
406
410
420
421
424
427
438
440
443
447
455
459
461
465
475
476
478
485
493
494
496
503
511
513
517
519
530
530
533
538
548
551
555
558
569
570
571
575
587
589
590
601
609
610
626
622
639
641
601
605
593
598
586
231
228
233
238
235
236
241
252
253
255
259
269
270
273
278
290
291
293
295
306
308
310
314
328
330
332
333
344
345
348
352
368
368
371
376
392
396
397
401
410
412
414
418
432
434
443
446
457
458
465
468
486
487
488
499
507
508
512
516
527
528
531
535
550
551
553
557
574
575
577
586
597
599
606
618
624
625
628
635
642
644
646
653
667
668
670
676
684
686
693
702
712
715
716
721
731
732
736
744
755
755
759
763
779
779
782
789
797
799
806
811
827
829
832
834
837
840
846
847
862
863
865
870
885
887
924
939
952
959
956
974
971
973
981
987
998
999
1000
1003
1013
1015
1017
1022
1033
1034
1036
1041
1051
1052
1059
1061
1078
1079
1080
1084
1095
1098
1098
1103
1113
1115
1117
1122
1135
1135
1137
1141
1159
1161
1162
1169
1184
1189
1194
1197
1208
1210
1212
1220
1231
1232
1237
1240
1250
1253
1254
1262
1269
1271
1273
1279
1289
1290
1292
1298
1306
1309
1312
1315
1326
1327
1329
1335
1346
1347
1349
1354
1363
1364
1368
1372
1383
1385
1385
1390
1399
1400
1404
1408
1418
1419
1422
1427
1436
1438
1440
1448
1455
1456
1458
1464
1475
1477
1478
1483
1495
1498
1499
1506
1510
1512
1519
1520
1529
1531
1534
1539
1550
1552
1553
1560
1124
1125
1127
1131
1141
1141
1145
1159
1189
1092
1063
1061
1044
1044
1041
477
234
238
245
249
245
246
252
261
263
264
269
279
280
284
290
297
299
302
306
315
317
319
324
334
335
340
343
352
354
356
363
373
374
375
381
392
394
395
398
411
411
413
417
427
428
432
435
445
447
453
458
468
469
473
477
499
504
515
514
522
539
519
521
519
543
514
515
520
502
504
525
533
535
539
544
552
553
559
562
572
574
575
579
588
590
593
597
610
610
612
617
627
631
632
634
644
647
650
653
663
664
668
671
682
682
685
693
699
701
706
709
745
772
774
564
546
529
517
238
235
238
242
257
256
251
256
277
278
276
267
277
278
281
286
301
304
304
308
319
320
322
332
355
350
349
356
356
386
354
355
357
338
324
314
306
308
310
312
325
326
327
331
340
342
347
352
358
359
362
367
377
378
381
385
395
397
400
402
412
414
417
421
431
432
435
438
448
452
453
458
467
469
470
475
491
493
490
488
509
472
500
473
445
442
425
408
400
292
272
277
286
287
291
295
304
305
308
313
322
324
327
332
341
344
346
351
361
364
364
368
379
379
382
387
399
404
405
406
414
416
419
423
434
434
439
442
451
453
457
462
470
472
477
481
489
491
497
500
530
517
511
515
529
540
509
473
457
445
431
256
252
252
275
267
278
270
280
281
283
288
299
301
303
306
316
318
320
325
334
336
340
343
353
356
358
361
372
373
377
380
393
395
398
402
409
410
412
416
427
427
430
434
472
480
446
435
431
439
434
395
387
256
258
257
254
256
268
268
269
274
287
289
291
292
302
304
305
313
322
325
326
328
337
341
341
347
357
357
360
368
373
377
378
383
392
395
399
401
413
414
416
419
451
452
453
455
468
469
471
473
481
483
486
491
502
502
505
510
519
519
523
530
537
539
541
546
555
556
561
565
573
575
581
582
593
596
599
604
612
615
627
635
651
657
625
614
603
609
609
579
291
264
273
270
271
276
286
287
290
293
304
305
310
315
321
321
325
333
339
340
345
348
359
361
363
367
377
378
380
385
394
396
398
403
415
416
419
421
431
433
436
439
452
453
454
460
468
470
472
479
489
493
487
500
503
505
513
519
520
522
527
541
542
551
568
576
586
553
536
523
511
264
249
247
252
256
258
263
266
274
275
279
284
293
294
297
302
312
314
318
321
333
334
337
341
348
351
354
357
368
368
371
378
385
387
389
394
405
405
409
412
423
425
426
431
461
462
466
471
479
481
483
493
526
509
504
492
501
503
505
510
519
521
526
529
538
539
542
551
560
564
565
566
579
580
584
587
603
603
621
611
605
598
593
251
412
237
247
254
252
254
252
262
262
265
271
281
283
283
288
297
299
303
306
317
319
321
325
337
339
340
343
354
355
356
362
372
375
375
380
390
390
398
404
406
410
412
424
426
426
433
440
444
444
449
459
461
466
467
480
481
482
485
496
497
502
503
514
516
517
522
533
533
539
540
555
556
565
578
585
594
572
555
547
549
539
273
259
262
266
268
270
275
288
289
291
292
305
310
311
311
320
321
324
329
338
340
342
348
357
359
360
365
395
396
399
405
413
416
417
422
431
433
435
440
449
450
453
457
468
470
471
475
488
490
491
493
506
510
511
512
521
523
529
532
539
540
543
548
558
559
561
567
575
576
579
584
597
597
600
602
612
612
616
621
647
649
639
642
631
622
612
574
214
212
218
228
225
227
228
236
237
240
245
255
257
261
264
273
275
278
282
293
294
296
302
312
313
314
319
328
330
333
337
349
352
354
355
365
367
369
379
384
387
389
396
402
404
407
438
458
462
447
431
415
405
396
271
265
267
268
277
274
276
282
292
294
295
301
309
311
313
318
329
331
332
336
347
348
350
355
364
366
369
373
384
384
387
393
401
401
405
410
419
419
423
427
437
439
457
462
474
478
480
481
489
491
493
499
510
511
513
516
526
526
531
536
545
547
548
553
564
565
569
573
581
583
586
601
637
638
623
622
628
639
624
626
619
640
621
618
605
612
614
619
623
631
632
635
642
650
652
653
658
670
672
673
677
688
690
690
696
705
706
709
716
724
725
728
738
738
742
746
756
758
765
765
795
797
807
810
827
538
540
534
549
539
527
534
549
528
523
524
535
535
538
544
552
553
560
561
571
573
575
580
590
590
594
600
611
611
613
619
626
628
631
637
648
649
649
654
671
673
678
681
688
689
693
696
717
718
732
729
759
759
557
557
552
555
573
554
556
552
534
536
540
550
552
554
559
569
571
575
577
587
588
591
599
605
607
609
614
624
625
649
650
658
660
664
666
676
677
680
684
695
696
698
706
715
715
717
721
730
732
736
739
748
750
753
757
766
768
771
775
785
786
789
794
804
806
807
812
821
823
826
830
870
876
656
647
628
616
607
241
230
232
232
247
245
241
246
258
260
260
264
273
276
279
282
293
294
295
301
310
312
314
319
330
332
332
337
347
350
351
355
368
368
369
376
383
384
388
392
402
402
406
411
420
423
427
430
439
441
449
472
475
492
471
466
490
468
485
471
469
485
472
453
456
467
468
470
475
484
487
489
493
504
505
507
512
521
522
527
530
539
541
545
548
558
561
564
568
577
578
581
586
595
596
599
607
617
618
620
622
638
641
642
643
651
652
656
670
692
686
693
719
732
628
615
614
619
633
620
612
602
622
616
618
621
631
631
637
642
649
652
656
658
668
668
672
677
686
687
691
697
705
706
709
713
723
724
727
733
744
745
748
751
760
762
765
769
779
782
784
789
798
799
805
807
832
827
832
832
848
591
620
592
562
581
585
302
255
253
252
261
263
265
270
279
281
283
287
298
299
301
306
318
318
320
325
334
336
337
343
351
353
356
360
370
371
374
379
389
391
392
396
409
410
411
418
427
429
429
433
442
444
446
451
463
464
465
469
479
480
483
487
497
497
501
506
517
519
521
524
536
537
538
542
552
554
570
569
586
585
564
560
550
572
571
588
570
298
284
279
291
294
299
300
309
311
313
338
322
322
327
331
341
344
344
348
362
366
367
367
379
381
381
385
394
395
398
402
412
413
417
420
432
432
433
439
447
448
453
455
465
469
469
474
482
484
488
491
503
507
510
517
526
528
529
534
545
546
547
556
561
561
566
569
579
580
583
588
598
599
601
606
616
619
620
624
633
637
637
642
655
661
663
663
670
670
674
678
687
691
691
696
705
707
709
717
723
726
727
732
741
742
745
752
760
763
762
773
775
779
782
792
793
798
800
819
818
821
822
856
870
843
821
816
806
797
260
392
262
268
278
274
276
281
290
293
296
298
312
311
313
316
325
326
329
333
343
347
348
352
361
363
365
371
380
382
386
388
397
398
401
407
415
415
419
423
453
454
458
461
470
472
474
479
488
488
492
497
506
507
510
515
524
525
528
533
542
543
546
551
561
562
564
569
578
579
583
587
597
600
600
605
618
619
620
624
637
638
641
647
703
683
656
650
639
632
638
603
235
273
237
247
244
242
246
258
258
259
264
273
274
278
282
294
296
296
299
309
311
314
317
326
328
332
334
346
347
349
353
362
363
367
371
380
382
385
390
399
402
403
408
417
419
424
429
436
438
439
444
453
456
458
463
472
473
475
479
489
489
497
497
507
508
511
517
530
532
538
540
551
552
563
571
601
586
578
579
595
582
582
584
591
571
567
568
580
580
581
585
595
597
599
604
614
616
618
623
633
634
638
644
651
651
655
660
669
672
674
681
689
691
692
697
707
708
712
717
725
729
731
734
745
766
767
773
784
784
798
807
830
838
816
596
604
597
571
549
553
557
568
570
572
576
584
587
589
593
603
605
607
616
621
624
627
630
642
642
644
651
658
660
664
667
676
677
681
686
695
697
699
704
713
714
719
722
731
733
739
740
749
750
757
758
770
773
773
775
788
790
793
793
805
807
807
813
824
825
826
830
840
841
844
849
868
870
880
649
637
624
614
576
214
218
229
235
231
228
227
236
237
240
244
254
257
259
262
272
272
276
280
290
290
293
298
307
310
314
318
325
326
329
335
346
350
351
352
363
364
365
369
379
380
382
387
397
398
400
407
414
415
421
423
432
435
437
440
450
452
456
459
468
470
472
476
486
487
489
494
504
505
507
512
521
524
525
530
539
540
546
550
556
558
560
565
594
594
597
598
608
611
615
616
625
627
632
634
643
645
651
652
661
663
665
669
684
687
700
692
713
692
688
691
696
694
685
649
273
248
252
252
254
260
268
270
274
278
287
289
290
295
307
308
310
313
322
323
326
332
340
342
345
349
358
360
362
369
377
378
382
385
395
396
399
404
414
415
417
421
431
432
435
439
450
451
454
459
468
470
472
476
489
489
490
494
504
507
508
512
523
525
525
530
542
543
544
548
559
559
561
566
606
609
585
565
542
530
516
481
229
227
232
245
241
237
241
251
251
254
259
268
270
272
276
289
290
291
294
304
305
309
312
322
325
327
330
356
358
359
364
374
375
377
385
391
391
395
399
409
410
416
420
427
428
433
435
445
446
449
455
463
463
467
471
480
481
485
489
498
500
503
509
519
520
521
528
535
535
539
544
553
555
557
562
572
573
576
580
589
592
594
599
608
611
627
644
648
646
637
656
615
567
257
262
272
269
272
272
281
283
285
292
302
302
304
308
318
318
326
330
340
341
343
344
358
357
360
362
371
372
380
380
389
394
394
401
407
409
411
416
426
428
432
438
443
446
447
452
461
463
467
470
480
481
485
489
501
501
503
507
517
521
521
526
537
538
539
545
554
555
558
562
572
573
575
581
591
592
594
598
607
609
612
616
627
628
630
634
644
644
650
652
663
666
667
673
680
681
687
689
699
700
703
709
719
721
722
730
742
744
749
755
762
764
766
770
780
781
785
789
798
799
806
834
842
843
845
851
889
879
918
865
858
848
820
800
801
808
815
816
819
823
835
837
838
842
852
853
858
863
872
873
875
878
893
893
895
898
907
908
911
916
929
930
934
934
946
947
507
510
520
522
523
529
538
540
544
547
559
561
561
569
575
577
579
584
594
597
600
603
612
614
619
623
630
631
650
654
603
595
599
581
534
260
232
244
240
242
242
248
249
254
258
265
265
269
273
283
284
287
292
304
305
305
309
319
322
326
331
336
338
340
345
355
358
362
364
375
376
380
384
390
391
394
399
410
412
413
417
427
428
432
436
447
450
450
452
463
464
466
470
483
487
488
490
506
508
509
512
522
523
525
530
539
541
543
547
561
562
563
565
575
575
578
584
593
594
597
601
611
611
617
620
629
630
634
659
668
670
681
691
698
701
673
664
650
620
619
627
629
639
641
646
648
656
658
661
666
675
678
680
684
694
697
698
701
712
714
716
721
730
731
734
739
748
749
755
757
768
770
770
774
785
785
788
794
803
804
807
811
821
821
825
830
839
839
846
850
860
862
863
866
876
876
880
900
930
631
614
564
527
519
262
261
262
267
279
276
278
281
291
294
294
300
309
311
313
320
327
328
333
336
346
347
348
360
361
363
368
379
379
382
389
399
400
401
406
415
416
418
423
433
434
437
444
451
452
457
460
468
470
473
480
489
490
491
495
505
507
511
513
521
523
527
538
540
540
546
583
565
603
566
552
541
532
279
253
257
257
272
269
266
271
281
281
283
289
298
299
303
307
319
320
321
324
335
335
339
344
353
356
357
364
370
374
374
379
388
389
392
399
408
409
410
414
424
427
430
433
447
449
450
456
468
469
469
473
483
483
486
491
503
504
506
509
519
520
523
527
537
540
541
546
555
556
559
562
574
574
580
584
596
597
600
611
632
619
614
611
626
634
597
603
578
601
584
302
303
307
316
317
320
324
334
334
338
342
352
352
356
361
369
371
373
379
389
390
393
397
407
407
411
417
425
427
428
433
442
442
446
452
461
463
464
469
479
480
483
487
496
497
500
505
515
515
518
522
532
532
535
539
549
553
553
558
567
567
570
575
585
585
589
610
617
621
621
626
635
638
640
642
668
669
655
658
670
674
675
676
686
687
689
695
703
705
710
711
721
722
725
729
738
742
747
759
772
765
767
767
754
779
755
755
752
722
765
412
405
415
419
420
425
433
437
440
442
451
452
455
460
470
470
474
483
484
489
492
503
504
506
510
520
521
524
528
538
539
542
448
458
458
461
465
476
477
479
484
494
494
498
503
511
514
515
521
530
531
533
538
548
551
552
556
565
567
571
579
588
589
603
606
624
628
650
607
586
540
259
247
263
260
258
257
266
268
270
275
285
285
288
293
302
303
307
311
320
320
324
329
340
341
342
345
355
356
361
377
384
384
388
394
403
404
405
410
420
422
424
429
439
440
444
446
457
459
460
466
473
475
478
482
492
492
496
500
511
512
513
520
528
531
533
536
546
547
552
555
564
565
569
575
583
584
587
590
600
601
604
609
618
621
622
627
637
637
640
647
655
657
660
663
672
673
676
681
700
701
710
693
680
668
660
622
234
222
222
232
230
234
232
241
242
245
249
262
262
264
266
278
278
280
285
294
296
298
306
312
312
316
323
330
333
334
338
347
351
351
355
368
369
370
374
386
388
389
392
404
406
407
409
419
419
422
427
441
440
442
446
459
460
465
468
479
481
482
485
497
498
500
503
515
515
516
521
530
531
535
539
550
551
553
560
567
568
573
576
586
586
605
604
604
607
584
574
565
272
266
262
267
277
275
274
279
287
288
289
293
303
304
310
312
325
325
326
329
339
341
343
349
357
358
361
366
375
376
379
384
394
395
398
402
413
411
420
426
426
430
437
444
446
448
452
462
462
466
470
479
480
484
488
497
499
502
507
516
516
520
524
534
535
539
542
552
552
557
560
572
573
576
579
591
592
594
597
612
613
622
633
634
632
629
587
567
551
257
243
246
247
254
255
256
260
270
270
274
277
289
291
292
296
306
306
309
314
324
325
328
332
342
343
346
351
360
361
366
368
379
379
386
390
397
398
401
404
415
417
419
423
433
434
438
441
451
453
456
460
469
472
473
477
488
489
492
501
533
550
523
522
518
531
502
538
488
480
512
482
319
296
300
310
310
314
317
328
331
332
335
346
347
349
353
366
367
367
374
380
384
387
390
400
400
405
410
418
418
422
426
435
437
439
443
453
455
457
463
472
473
475
482
490
493
495
497
509
511
512
517
526
528
530
534
546
547
548
555
561
562
564
570
579
580
583
589
597
600
603
604
616
617
629
631
655
638
634
632
650
632
631
633
652
631
633
632
630
619
621
626
636
637
641
645
657
657
657
662
676
677
680
681
690
692
695
699
709
710
713
718
727
728
731
736
746
747
750
754
764
764
768
773
781
782
790
792
800
802
807
809
821
823
834
850
569
556
546
537
471
521
252
252
268
264
262
265
271
272
276
279
289
289
294
297
306
308
312
317
326
326
332
333
345
346
347
351
361
362
365
371
382
382
384
387
397
399
401
406
416
417
419
424
435
437
439
444
453
453
456
465
472
473
474
480
489
490
492
509
521
536
511
505
522
529
498
474
470
476
469
289
247
249
256
256
263
267
276
277
278
283
292
293
296
302
310
311
314
320
329
330
332
338
348
349
352
355
366
366
370
374
384
386
387
392
402
402
405
410
420
421
423
428
439
441
444
447
460
460
461
467
500
488
477
477
526
504
507
484
460
463
467
300
463
289
287
297
300
303
305
315
315
320
322
332
336
338
341
350
352
355
359
370
371
373
378
388
389
392
396
408
409
410
414
425
425
430
432
443
444
447
452
462
463
466
470
483
484
485
488
513
513
512
506
543
522
495
494
493
503
506
483
469
309
268
270
272
276
287
288
290
294
305
306
308
312
322
325
326
330
341
343
343
349
358
359
363
367
376
378
380
384
394
396
397
407
412
414
418
420
431
431
435
439
450
451
453
458
467
469
470
474
484
485
488
493
504
504
507
513
521
523
525
529
539
540
545
553
561
563
567
571
578
579
583
587
597
597
601
604
615
616
619
623
632
633
637
641
650
651
654
657
681
681
682
686
696
698
700
707
714
716
720
722
733
736
736
740
750
751
753
759
768
769
778
778
807
801
805
785
774
767
758
720
228
227
233
245
238
245
240
251
252
255
258
269
269
272
276
287
287
291
296
305
305
308
312
323
325
326
333
341
342
345
350
358
362
363
368
380
381
382
385
396
397
399
405
414
414
418
422
432
433
437
443
450
451
455
459
478
481
478
483
496
492
469
462
462
483
456
435
436
426
282
282
285
292
299
299
302
306
316
317
319
325
337
340
341
343
352
355
356
364
371
373
377
380
388
391
395
396
406
407
412
414
425
427
428
432
443
444
449
451
461
462
468
471
481
482
484
488
498
498
502
508
515
517
523
525
551
552
555
559
579
573
581
586
591
611
597
581
591
592
595
592
605
606
609
613
620
622
624
630
638
639
642
647
657
659
661
666
675
676
679
684
697
698
699
704
712
713
717
722
732
733
740
752
771
756
760
765
764
775
771
776
786
778
770
771
781
783
785
788
801
802
803
807
818
818
822
826
836
837
839
845
857
857
859
862
874
877
878
880
891
893
896
901
910
911
914
919
930
941
947
746
768
742
736
754
548
762
539
539
535
523
284
288
292
301
302
305
312
319
321
323
327
337
338
341
345
356
357
358
366
373
375
377
381
391
395
395
400
409
412
413
419
428
428
430
437
444
446
462
471
481
482
483
490
497
499
499
505
519
518
520
528
556
547
533
536
549
528
560
508
504
511
520
490
285
264
273
275
279
278
288
288
293
295
305
306
313
313
325
325
327
332
344
346
348
350
360
361
364
369
379
380
385
386
397
397
401
404
415
415
418
423
433
434
436
443
452
454
457
460
469
470
473
490
518
515
485
484
473
489
496
457
449
448
451
288
456
274
275
287
288
290
294
305
308
311
312
323
323
326
332
341
343
345
348
359
361
364
368
378
380
381
387
396
398
400
405
416
416
419
424
433
436
437
441
463
463
466
470
481
482
484
488
498
499
502
506
516
516
520
524
534
535
539
542
551
552
556
559
570
570
574
578
588
588
591
598
606
607
612
614
626
627
629
632
643
644
656
668
679
654
680
649
645
649
622
653
606
611
266
304
271
275
285
286
288
293
303
305
307
311
321
322
324
329
340
341
344
348
356
359
360
364
374
375
377
382
392
394
396
400
410
411
414
421
429
429
434
436
448
449
451
454
467
468
470
473
483
484
486
492
501
502
504
509
520
523
526
527
537
539
550
551
576
571
554
545
541
556
560
522
522
509
497
287
289
295
304
304
306
313
321
323
325
329
341
342
344
347
358
358
364
365
393
394
397
399
410
411
414
417
427
429
433
435
445
447
449
454
464
467
470
473
483
483
486
493
504
505
507
509
519
521
539
537
509
486
488
427
360
318
237
242
238
244
247
250
252
255
260
270
271
275
277
288
290
292
296
305
306
311
314
324
327
330
334
344
346
348
352
359
361
365
376
376
379
384
393
396
397
402
412
412
417
420
430
432
433
441
448
450
453
456
467
467
471
475
485
486
489
495
503
504
507
512
522
522
531
534
565
547
549
548
540
563
538
541
542
495
523
458
433
441
443
448
453
460
461
463
470
476
478
481
485
514
515
516
517
528
529
530
535
547
548
547
553
562
563
565
570
579
580
582
587
598
599
600
604
613
614
617
622
633
632
636
640
653
551
552
555
572
584
578
577
586
566
556
560
569
568
552
516
280
267
273
275
275
281
289
290
293
297
307
308
311
316
326
328
329
334
345
346
348
353
362
364
366
373
381
381
387
389
399
401
404
406
416
417
422
424
435
436
438
442
453
453
456
461
471
475
479
481
493
494
494
517
525
518
521
513
505
497
434
483
255
256
253
259
257
257
266
268
269
273
283
287
289
292
304
305
306
311
322
325
325
328
338
338
342
350
357
357
361
368
374
375
378
382
393
395
399
404
410
411
414
418
428
445
447
455
461
462
466
470
482
483
484
487
498
498
503
506
516
518
520
526
535
536
538
544
552
553
560
560
574
576
579
579
589
591
594
597
608
609
636
620
610
604
600
555
535
246
242
238
243
247
257
252
256
261
271
273
276
278
289
292
295
298
308
310
312
317
326
327
335
343
350
351
354
360
370
372
372
378
386
387
390
395
405
406
408
413
424
425
425
430
440
444
444
449
458
460
461
470
476
481
483
483
494
495
498
501
515
518
518
523
530
531
533
539
550
554
557
562
567
568
572
582
609
621
606
557
539
519
505
272
258
265
262
277
274
268
278
283
283
287
290
301
302
303
308
319
319
322
326
337
337
341
349
355
357
359
364
373
374
378
381
395
395
396
400
410
411
416
418
429
432
433
438
447
449
450
455
493
499
470
460
454
458
461
442
409
394
261
261
258
256
260
271
273
274
279
288
289
292
298
306
306
310
316
324
326
328
332
342
343
346
350
359
360
364
368
378
378
386
386
396
397
399
404
413
415
419
421
432
435
435
443
449
450
453
461
472
472
476
480
489
489
494
500
508
511
512
516
527
528
530
534
545
546
548
554
562
563
567
570
581
585
585
591
599
601
604
609
617
618
632
635
658
640
640
638
630
652
628
637
640
610
650
612
318
327
328
332
336
345
348
349
353
362
364
370
372
382
385
388
389
400
401
404
407
417
419
423
425
436
437
440
445
454
456
458
463
471
472
476
480
490
491
497
499
509
509
513
515
527
529
532
535
547
548
549
551
562
563
566
570
580
580
583
587
598
598
603
607
616
617
621
624
639
640
654
658
642
632
620
610
574
245
239
237
248
245
247
246
259
259
260
264
274
276
280
282
292
293
296
300
310
312
314
319
329
330
332
336
346
347
351
355
365
368
372
376
382
383
389
390
400
402
407
410
422
424
425
426
437
440
441
445
455
456
459
463
473
475
477
481
492
492
494
499
538
527
564
507
507
500
489
489
470
270
262
267
277
273
270
276
285
288
291
293
303
304
309
311
322
325
326
330
340
343
344
350
359
359
362
367
377
377
380
384
394
396
401
403
415
416
416
421
430
434
436
439
455
456
459
462
472
473
476
482
491
494
495
500
509
510
514
517
529
530
532
538
547
548
556
559
569
571
574
584
612
616
592
586
585
602
606
582
565
564
569
304
567
299
303
318
310
314
318
328
328
333
336
346
347
349
354
364
364
368
371
381
381
385
396
399
401
404
406
417
418
421
426
435
437
439
445
452
454
456
465
471
473
475
480
490
491
492
497
508
510
512
516
526
527
528
534
543
544
547
554
561
577
581
586
596
598
603
604
629
628
624
617
632
634
642
646
660
639
619
624
634
635
646
637
650
650
654
655
667
667
669
677
683
685
687
693
702
703
708
710
721
721
730
743
761
758
737
736
733
746
753
723
440
441
445
417
286
291
294
304
304
307
311
321
322
324
329
342
342
342
347
357
357
363
365
378
378
378
382
392
393
395
402
410
411
414
417
430
431
431
437
446
446
450
455
466
467
468
473
482
482
486
490
502
503
504
508
520
521
523
526
535
537
542
547
553
555
558
563
574
576
579
580
592
593
598
600
637
628
612
612
605
617
615
593
590
582
585
601
327
279
280
289
300
300
304
310
317
320
322
326
336
338
341
345
354
356
359
363
373
374
376
381
391
391
395
400
410
411
416
418
430
432
432
436
447
448
452
456
465
468
468
473
483
484
489
492
502
504
506
511
519
519
524
527
539
541
542
547
555
558
559
564
574
574
579
582
592
593
595
603
609
611
617
618
630
631
632
636
650
650
659
668
663
681
668
673
685
674
676
677
674
683
683
671
677
678
681
685
698
699
700
703
715
716
719
726
731
733
735
740
751
751
754
759
768
769
776
777
788
791
791
797
806
809
811
818
825
828
829
851
859
857
867
850
547
537
526
470
520
258
263
273
270
271
273
282
284
284
288
299
303
307
308
317
318
320
327
334
337
339
342
352
355
358
361
369
373
377
378
388
389
394
396
407
408
410
417
424
426
429
433
444
444
447
455
462
465
466
473
479
480
487
487
496
498
500
506
515
515
518
525
533
535
536
542
550
550
554
558
573
573
577
577
588
588
592
607
634
624
598
590
585
579
585
568
526
237
237
252
249
246
254
259
262
265
268
278
280
281
286
298
298
300
305
314
318
322
329
338
340
343
347
354
358
362
371
372
375
379
391
392
394
398
409
410
411
419
427
428
430
434
445
446
449
453
464
465
468
473
484
485
492
503
524
527
504
496
490
519
499
509
493
499
490
441
301
305
311
320
321
324
328
337
338
341
345
356
359
359
365
373
374
377
384
391
393
396
400
412
414
415
418
429
430
432
437
447
450
454
457
464
468
470
473
482
483
485
493
500
500
507
510
518
518
521
525
535
536
540
543
554
554
557
561
572
572
576
583
590
593
594
597
608
608
610
618
626
628
629
633
644
644
647
664
687
674
665
660
671
676
644
644
616
622
611
296
253
254
255
266
266
269
273
283
284
286
291
302
303
304
312
318
319
322
330
338
338
341
348
355
356
362
363
376
380
381
383
392
393
395
400
410
411
414
421
427
429
431
435
446
447
449
453
464
464
467
471
481
482
485
489
499
501
503
506
516
519
521
525
535
537
544
571
583
590
577
582
577
591
580
580
575
586
574
576
580
590
592
596
599
610
610
612
621
627
629
631
635
646
647
651
653
666
667
668
673
682
686
686
697
708
709
710
714
725
727
730
739
774
772
730
738
751
763
567
566
555
295
523
291
291
301
304
306
310
319
320
323
331
338
339
344
347
356
358
360
366
376
377
380
383
394
396
399
405
413
414
418
422
432
432
436
442
451
453
456
458
469
470
473
479
487
490
492
495
506
508
511
514
528
530
533
533
544
545
547
554
561
563
566
569
583
584
586
587
623
609
604
605
613
634
610
605
617
627
606
565
576
310
322
323
325
328
342
344
347
348
355
356
362
363
373
373
376
381
394
394
395
399
409
410
412
418
427
427
430
434
444
447
449
453
463
464
469
471
481
482
484
490
501
502
505
509
518
520
522
532
534
536
539
548
552
555
558
567
569
574
575
590
590
591
600
634
641
606
573
566
555
528
238
238
242
254
250
247
252
260
261
264
269
278
280
283
289
299
301
302
305
316
317
320
323
334
335
337
345
351
353
358
360
370
371
376
382
389
392
393
398
408
408
410
417
426
427
429
433
444
446
446
454
462
462
481
483
486
476
466
418
399
399
270
266
267
266
277
272
279
280
289
290
296
301
307
309
313
316
326
327
330
334
344
346
348
352
362
363
366
370
380
381
384
390
398
401
402
406
415
417
419
424
435
435
438
442
452
453
456
461
471
471
474
479
491
491
492
497
507
508
511
517
525
526
528
534
542
544
548
552
561
562
566
571
580
581
585
588
599
599
602
607
617
618
620
624
635
635
639
644
653
655
660
662
672
673
676
680
711
712
724
716
714
704
694
686
275
665
272
276
289
286
282
286
295
297
299
310
312
315
318
328
329
331
341
349
349
351
355
367
368
369
373
384
384
387
393
402
403
408
413
423
424
425
429
441
441
445
447
459
460
461
468
477
479
481
489
495
499
500
503
518
519
520
525
561
555
566
564
573
589
572
567
589
563
567
571
570
540
530
543
531
541
542
545
549
560
560
565
567
578
579
583
586
598
599
601
607
615
616
621
623
634
636
639
645
651
653
655
659
669
671
674
678
689
690
695
697
707
707
717
723
749
577
552
548
541
558
567
531
512
515
515
502
274
276
280
291
291
293
297
308
309
311
316
326
327
331
335
344
346
348
352
364
365
367
370
386
387
391
395
404
405
410
413
424
426
427
433
441
441
445
449
460
461
464
469
477
478
482
486
497
497
499
504
515
517
518
522
533
539
550
551
555
568
555
555
587
576
569
578
575
591
569
569
581
582
584
588
598
599
602
609
616
619
620
627
635
636
639
643
653
654
657
662
671
673
681
685
694
697
699
703
712
714
716
722
730
732
735
739
750
751
752
757
767
768
772
775
786
787
790
793
805
805
808
814
822
822
825
830
840
840
843
847
858
865
859
868
882
895
909
903
716
667
657
638
253
227
233
239
242
238
237
240
250
251
253
258
268
269
273
277
288
289
291
295
304
305
309
314
324
328
335
326
337
344
353
353
356
360
369
371
373
378
399
400
400
399
415
412
385
375
376
407
373
354
355
354
311
289
291
295
305
307
310
314
324
326
326
331
342
344
347
352
361
362
363
370
378
379
382
387
396
398
400
405
417
418
419
424
435
435
437
444
452
452
455
461
472
474
475
480
488
488
491
496
506
507
509
513
527
528
529
532
542
544
545
549
569
572
568
577
591
574
569
561
574
583
545
532
527
540
313
282
284
288
298
299
301
307
316
319
320
324
333
335
338
342
352
354
356
361
369
370
375
380
389
390
392
397
408
409
410
415
426
426
429
435
444
445
449
452
463
465
466
471
482
483
485
491
500
501
504
508
518
519
523
526
537
539
540
547
554
558
559
564
574
575
582
591
613
601
596
598
624
615
611
611
630
616
618
614
616
617
619
624
632
634
643
646
657
662
663
667
674
674
679
683
693
695
696
703
712
714
716
719
732
733
735
740
750
754
749
762
764
766
771
786
787
800
797
789
561
549
536
489
234
238
247
243
247
245
257
257
259
266
273
276
280
284
292
293
299
301
311
313
315
318
329
330
333
338
348
350
352
354
365
366
368
375
385
387
388
392
405
406
407
411
420
422
439
441
455
449
427
424
420
431
399
442
399
383
387
291
270
271
277
285
285
291
293
303
303
306
310
321
323
327
332
341
342
343
347
372
373
374
376
389
389
391
395
405
405
408
412
422
423
426
434
440
444
444
448
458
459
461
466
477
477
479
483
494
495
500
501
511
512
514
520
528
531
536
537
548
548
550
560
566
567
570
575
583
584
589
592
603
603
606
610
621
623
624
628
639
642
643
647
659
660
673
685
704
692
698
695
712
700
705
699
702
716
709
695
706
707
709
715
724
725
728
733
742
743
746
751
760
761
764
770
779
781
783
788
798
799
803
807
816
816
820
825
834
835
840
842
854
854
856
863
871
872
874
880
888
890
894
898
909
911
912
918
928
930
930
934
956
958
970
965
979
988
664
632
632
646
630
331
305
303
309
315
317
319
326
338
342
343
344
353
354
357
365
371
373
374
378
390
390
394
400
406
408
409
415
424
425
429
434
441
442
444
452
458
460
462
466
475
476
479
486
493
494
496
503
509
511
515
518
529
532
533
536
545
552
551
558
567
568
569
572
593
594
598
577
577
581
538
524
491
474
301
272
276
281
282
284
289
298
302
304
307
318
320
322
327
336
338
340
347
354
354
357
365
372
372
376
382
391
394
395
398
407
408
411
416
428
428
429
434
444
444
446
451
461
461
465
469
481
481
482
487
497
499
502
505
517
517
520
524
536
538
538
542
554
556
557
562
571
572
595
585
579
569
561
546
486
267
252
262
258
261
261
267
269
271
275
295
277
280
284
295
296
300
303
313
314
318
321
331
332
335
343
349
350
354
358
367
368
371
376
386
387
390
395
415
415
420
427
438
439
457
466
475
452
476
461
454
455
469
463
442
380
431
384
387
397
399
401
405
415
417
419
427
435
435
438
442
452
453
459
460
471
473
476
479
489
489
492
497
508
453
455
459
470
471
473
477
487
488
491
495
505
507
510
516
524
524
527
532
541
543
546
552
559
560
565
569
580
583
584
588
596
596
599
604
619
620
633
627
628
616
604
596
266
582
253
257
267
264
267
266
275
277
281
284
293
294
299
302
313
313
316
320
330
332
335
340
349
351
352
357
369
369
374
377
386
389
389
393
404
405
407
411
421
423
429
429
440
442
444
451
456
459
461
467
481
481
483
489
542
518
496
487
484
498
465
506
463
450
465
452
268
261
263
271
271
274
278
290
292
292
298
309
309
311
317
328
329
330
334
345
346
348
352
362
363
366
372
382
382
385
390
400
401
407
409
418
418
421
426
462
465
446
440
437
453
451
425
423
404
419
418
296
284
419
291
300
300
305
308
318
318
322
328
338
340
340
345
354
355
358
363
373
373
378
381
391
392
395
399
409
410
413
417
427
428
434
435
445
445
449
454
464
464
467
472
481
482
486
491
500
502
505
508
519
520
522
527
532
542
543
545
549
559
560
563
570
578
579
585
588
596
598
603
605
616
617
625
630
664
679
637
616
598
585
576
543
248
251
251
261
257
261
265
276
278
278
285
293
294
298
301
311
313
315
320
329
329
334
340
350
351
353
357
366
369
370
376
387
390
391
393
405
407
412
406
419
422
432
432
437
447
453
475
450
446
460
454
433
445
442
437
412
454
320
286
296
299
300
303
315
316
317
326
333
335
337
340
350
351
354
359
368
372
373
376
386
386
390
395
404
406
408
413
425
426
428
431
442
443
445
450
460
460
465
471
481
482
484
487
496
498
501
505
526
528
543
526
516
506
497
489
258
242
252
248
246
246
256
259
260
264
274
274
277
281
296
296
294
301
304
311
319
321
324
328
338
339
341
346
356
357
359
364
375
377
378
382
393
395
399
401
412
418
421
426
445
446
448
451
465
452
452
456
451
469
454
461
456
477
457
460
469
471
474
480
489
490
492
497
506
507
510
515
524
525
544
546
557
560
562
566
577
578
580
585
594
596
598
603
613
614
617
621
631
632
635
644
651
652
655
659
671
671
680
693
717
719
698
692
689
636
635
610
605
599
610
601
577
578
584
592
594
598
601
613
614
615
621
630
631
370
377
387
389
389
395
403
405
408
412
426
426
429
431
443
445
445
450
461
462
464
470
478
479
486
487
497
499
500
512
538
526
519
513
523
495
523
495
489
503
504
481
476
454
463
465
467
472
481
483
487
490
357
358
362
365
375
376
379
385
393
395
399
404
412
414
416
422
430
431
435
439
467
467
471
473
478
479
503
501
491
463
422
448
440
430
422
274
253
255
259
271
272
274
278
287
287
291
295
305
308
311
314
324
327
330
336
346
348
349
351
360
361
365
369
379
380
387
390
398
399
402
406
416
417
421
425
435
436
438
443
462
465
465
462
479
468
447
442
440
448
442
417
401
405
306
269
271
279
286
286
289
293
303
304
309
312
321
322
329
332
341
342
344
349
359
361
363
368
377
378
384
386
397
398
400
405
415
418
418
423
433
433
438
441
452
453
457
462
472
473
476
480
491
492
494
502
530
542
530
529
544
541
523
520
520
536
533
513
499
468
478
479
481
487
497
497
501
505
515
516
525
521
529
534
544
544
548
551
560
563
565
570
580
578
585
593
594
597
601
611
612
617
621
632
633
635
641
650
650
665
541
544
533
525
512
464
444
232
242
241
238
241
251
249
252
278
245
245
248
252
262
263
266
271
280
282
284
289
301
302
303
308
317
318
323
325
341
342
349
355
346
369
344
342
354
350
358
324
310
270
277
273
275
280
290
291
294
297
308
309
311
319
326
328
329
334
346
346
348
352
362
364
366
370
383
385
385
391
398
400
402
407
420
421
421
426
438
439
439
447
453
454
478
470
461
452
445
430
384
361
238
242
241
238
241
249
249
250
255
265
265
268
273
284
286
287
292
302
305
306
310
321
321
325
329
339
341
342
348
358
358
361
365
377
380
383
388
394
395
398
408
454
431
411
407
405
412
389
394
367
382
355
384
313
274
290
291
284
292
298
301
302
307
318
319
322
325
336
338
340
344
354
354
361
363
374
390
393
396
403
406
406
411
419
421
424
428
439
440
443
448
457
460
463
466
476
476
482
485
496
497
498
505
513
515
520
523
532
533
536
540
557
558
569
573
563
588
564
562
577
571
548
508
503
486
472
419
421
315
324
326
329
332
342
343
346
350
361
362
364
369
379
380
384
388
397
401
400
407
412
415
425
427
429
436
444
445
448
452
474
471
475
473
491
476
474
471
488
470
470
477
474
490
472
463
470
471
474
478
487
489
491
498
508
509
510
514
524
527
528
536
544
544
547
552
562
562
568
571
579
582
585
589
599
603
599
628
638
666
663
641
636
540
534
518
532
531
573
542
523
489
513
491
492
495
499
509
511
512
518
528
529
361
365
376
375
381
391
392
393
401
409
410
422
445
434
424
418
407
401
354
277
266
278
277
277
276
286
288
290
294
304
305
311
313
324
326
328
333
343
344
347
351
361
366
368
369
379
380
387
390
398
398
418
400
418
425
424
419
430
404
430
399
399
382
384
387
397
403
405
407
412
421
423
426
429
439
440
447
448
459
459
463
468
477
477
488
490
496
500
503
508
537
539
556
564
575
555
584
521
515
486
520
499
507
481
483
484
490
499
500
502
515
508
517
521
531
533
535
539
552
553
556
558
567
568
570
575
584
586
588
593
602
604
607
612
621
622
624
630
639
641
643
648
657
658
660
667
704
714
659
569
549
537
529
240
504
236
237
247
243
241
245
255
257
262
263
273
275
278
282
292
294
297
300
312
313
313
318
330
331
334
337
346
347
356
350
361
364
374
375
377
383
393
398
399
412
441
466
437
424
417
423
425
409
377
350
308
287
283
281
286
297
298
304
309
319
321
322
330
337
338
341
344
354
357
358
363
373
374
377
381
391
395
396
401
411
412
413
418
428
428
432
437
448
450
455
459
470
471
473
474
512
536
506
482
462
454
441
281
252
436
257
267
263
260
267
276
277
279
283
293
296
297
304
312
314
318
321
330
331
336
339
349
350
352
357
368
369
372
375
388
389
392
396
404
405
411
412
423
427
428
432
442
442
450
452
478
473
466
462
448
474
445
444
457
424
454
416
395
292
325
296
300
310
312
314
321
328
330
332
338
347
348
353
355
367
368
369
373
383
384
387
392
402
402
405
409
420
422
423
428
439
440
442
447
458
459
463
466
475
476
479
492
483
495
502
505
506
511
525
526
528
531
541
542
545
549
558
561
568
588
590
579
553
454
523
418
267
252
248
252
255
260
261
262
266
274
277
278
283
292
294
297
301
312
313
315
321
330
331
334
341
349
350
354
359
368
370
370
375
385
387
389
393
404
406
408
418
452
450
422
419
413
429
407
408
402
413
411
413
383
300
302
315
316
319
321
330
331
333
338
349
349
353
358
368
369
370
375
384
386
390
393
405
405
408
411
424
425
426
430
440
443
446
447
458
461
461
467
476
478
479
486
495
495
500
505
513
514
517
532
542
556
541
539
544
561
531
525
536
521
512
506
516
488
489
492
502
505
505
512
522
523
525
527
537
539
541
546
556
558
561
564
574
576
579
581
591
592
594
599
609
612
615
618
632
632
633
640
645
669
645
636
611
644
541
537
542
519
549
508
494
283
284
287
293
300
302
305
309
320
324
326
328
337
338
341
346
356
357
360
364
375
375
378
384
393
394
399
403
413
415
415
420
430
430
451
452
458
461
464
467
477
479
484
486
495
498
500
505
516
517
519
529
560
543
568
540
541
555
523
557
527
514
527
500
485
487
494
502
506
503
517
519
522
525
535
536
540
544
554
555
559
563
572
573
576
581
591
591
594
599
609
610
613
619
630
631
631
636
649
650
651
654
680
676
687
525
538
509
535
508
510
508
471
510
472
469
292
278
283
284
294
295
298
305
314
316
317
323
333
333
335
341
351
353
358
360
369
370
376
378
388
389
390
399
404
407
409
413
426
426
428
431
455
457
458
461
473
473
475
479
493
493
498
503
512
514
518
521
532
533
536
547
579
592
524
575
502
490
477
242
282
247
247
259
256
251
255
265
266
270
274
284
285
287
292
304
306
309
314
322
326
326
330
339
340
344
350
365
366
367
368
377
379
381
386
400
400
405
410
421
422
425
438
459
452
441
444
462
447
446
451
461
449
451
450
462
455
448
454
463
463
466
472
481
483
484
489
498
501
502
507
520
522
523
528
537
538
541
545
555
556
559
563
587
598
589
590
601
605
584
577
514
513
528
524
501
499
303
315
316
319
322
332
333
336
340
349
351
354
359
368
372
369
382
382
386
391
401
403
406
410
421
421
423
427
438
439
442
445
456
459
461
464
474
475
477
482
495
496
497
501
512
512
514
520
529
532
533
538
547
551
549
563
564
566
571
580
580
585
588
598
601
603
607
629
634
620
628
639
618
616
613
629
596
629
587
570
583
283
261
265
269
281
281
283
288
297
300
302
306
317
318
319
327
333
337
337
342
353
355
356
361
370
372
374
379
390
392
394
398
407
409
413
417
426
427
431
434
447
449
450
453
463
465
468
489
496
514
495
497
516
528
510
507
506
506
526
513
504
512
512
517
521
530
532
538
541
549
553
554
558
567
570
571
576
586
590
593
596
605
608
609
615
635
635
646
632
622
511
532
492
430
238
236
247
243
246
247
256
258
259
265
273
275
278
282
292
294
296
300
311
312
314
319
330
332
333
342
337
350
356
360
361
365
375
377
381
383
393
394
396
401
418
419
427
425
447
436
428
429
444
432
433
423
447
440
431
432
432
433
436
440
452
454
455
460
470
472
474
479
490
491
493
498
507
508
513
518
526
527
531
535
544
545
551
553
563
565
568
574
587
588
612
613
642
636
619
615
611
585
567
598
550
548
540
541
544
563
552
553
557
561
571
573
574
580
590
590
593
599
608
609
615
617
629
629
631
637
647
648
650
655
667
668
669
672
683
683
695
699
708
545
499
484
465
457
447
275
257
257
267
262
265
284
266
266
270
274
283
284
287
292
304
304
305
310
320
321
323
329
339
341
343
349
358
359
372
387
377
367
363
348
339
314
261
256
262
271
268
267
271
280
281
286
288
299
299
302
309
316
320
323
327
336
338
340
344
353
354
357
362
375
377
378
381
391
394
396
400
410
412
419
414
424
427
458
447
445
442
449
430
428
428
434
395
424
355
340
310
266
262
267
275
276
280
283
293
294
299
301
311
313
314
317
330
331
332
335
345
345
347
352
362
363
366
369
379
380
383
388
396
397
401
405
413
414
418
421
431
431
435
439
448
448
451
455
465
467
469
474
484
484
492
499
524
522
483
473
464
470
465
434
400
394
379
364
342
300
306
316
317
322
325
334
335
336
343
350
353
355
359
369
373
374
377
388
388
390
396
405
408
409
413
424
424
429
432
439
441
444
449
459
462
463
466
475
480
477
485
491
493
506
506
507
514
522
523
524
529
539
539
543
548
558
559
562
568
577
578
579
586
596
597
597
603
616
635
615
581
554
536
508
478
410
257
263
274
270
266
270
280
281
284
289
301
302
303
307
317
318
321
327
334
335
340
345
356
357
359
370
362
372
381
381
388
389
400
401
403
410
419
421
421
426
435
437
442
444
454
455
458
463
495
496
507
507
490
478
469
462
423
280
281
281
296
294
291
295
307
308
311
314
323
326
327
332
342
343
346
351
362
363
364
371
379
380
385
390
398
401
402
408
417
418
420
425
438
440
444
445
453
455
458
464
483
485
499
496
518
502
499
503
512
493
493
499
512
497
487
494
501
503
505
510
522
523
524
531
540
541
544
547
557
558
561
566
577
578
580
585
598
599
601
615
646
632
639
641
649
626
622
614
627
548
538
539
536
537
539
546
555
557
558
562
576
576
575
583
586
591
605
607
609
610
620
622
624
633
671
676
654
634
647
484
475
466
440
272
272
277
295
291
288
291
301
302
304
312
320
320
323
328
338
339
342
347
358
360
361
366
376
376
381
385
395
397
398
405
413
415
416
421
431
431
434
440
450
453
455
458
468
468
472
478
486
488
492
496
506
507
511
518
524
527
530
534
549
551
567
575
571
593
577
574
587
575
572
572
590
575
572
572
583
583
586
592
600
600
608
609
620
622
622
627
637
637
642
645
660
661
664
665
678
678
676
705
693
677
669
476
468
441
244
230
227
254
251
251
251
263
264
264
269
279
280
283
290
298
299
301
306
315
317
320
325
336
337
338
342
354
355
357
360
371
371
374
379
389
390
392
399
406
407
412
415
425
426
430
433
444
445
456
457
470
459
456
455
475
462
457
453
471
460
454
453
454
457
458
463
473
474
479
481
494
494
495
500
509
510
513
521
528
529
532
539
549
549
550
554
564
567
568
574
583
584
587
593
626
612
610
609
624
619
516
520
513
518
508
491
475
278
288
288
289
293
303
303
310
311
324
325
326
331
340
341
344
348
359
359
362
370
376
376
380
388
395
398
399
404
414
415
420
424
434
435
437
442
452
453
456
460
469
470
475
481
489
492
493
498
513
516
552
557
575
557
554
556
554
571
554
548
569
553
547
552
562
562
567
575
569
579
584
589
594
604
604
607
612
622
624
627
631
641
642
645
650
659
660
664
668
677
680
682
687
696
699
701
707
722
723
745
731
721
570
561
543
496
243
252
252
248
251
251
261
262
264
270
279
282
284
287
298
299
302
306
319
319
320
326
334
335
339
345
354
356
359
363
373
374
379
383
392
393
411
426
419
410
398
389
381
372
309
291
297
307
304
303
305
315
316
319
324
335
335
338
343
352
354
359
361
372
373
375
379
390
391
396
398
407
408
411
416
428
429
431
434
445
447
448
453
462
464
466
474
480
481
485
489
503
503
503
510
520
522
530
531
546
556
550
546
564
559
529
525
524
535
525
504
496
299
304
305
308
313
322
322
327
330
340
340
344
349
361
365
366
368
377
377
381
386
398
399
400
403
416
417
418
422
433
434
435
440
452
453
454
460
471
472
472
479
488
489
493
496
506
514
516
531
537
551
523
523
536
516
510
518
522
545
507
497
313
320
321
320
325
334
335
338
343
353
354
357
368
368
371
376
391
394
394
398
409
409
413
418
428
431
432
437
445
447
450
454
464
465
468
474
484
486
486
493
502
502
506
511
520
522
523
538
564
550
546
538
549
548
521
513
509
519
522
497
474
478
488
489
492
497
509
510
510
515
527
528
529
533
543
543
551
551
563
564
565
569
579
580
586
588
597
599
601
609
618
619
619
624
636
637
638
642
654
502
503
507
516
516
519
537
554
510
545
499
483
487
441
478
442
427
430
407
373
373
381
390
391
393
397
409
411
410
415
423
427
430
434
442
442
447
450
459
463
465
470
478
479
482
485
496
497
499
503
512
514
516
521
531
533
534
538
549
520
525
527
540
540
542
545
556
559
564
581
592
581
564
531
467
429
391
242
238
241
248
253
251
251
255
265
266
271
274
286
288
286
294
299
301
313
314
315
321
330
331
334
340
348
348
354
357
369
373
375
376
386
389
393
394
432
442
430
383
365
347
338
328
270
243
247
252
257
253
255
261
272
273
274
278
288
288
298
301
312
313
315
320
329
331
333
340
349
350
352
356
366
367
376
371
384
385
389
411
413
415
420
430
430
431
435
445
447
450
457
466
467
466
471
480
481
488
489
499
501
503
506
516
518
520
526
536
538
539
546
553
552
557
560
571
572
584
585
557
531
507
480
378
446
257
260
275
271
272
270
281
283
284
290
299
300
304
308
320
321
322
326
339
340
340
345
354
358
359
363
373
377
373
382
387
390
400
401
404
409
418
421
422
427
437
438
441
446
456
457
459
464
474
475
478
485
493
493
497
513
546
550
533
530
521
536
522
525
523
534
515
526
503
514
515
519
523
547
548
549
551
561
560
566
572
579
580
583
588
597
600
603
607
618
619
619
624
634
635
638
645
653
653
656
677
702
697
672
666
663
668
648
566
575
584
571
574
558
572
573
576
591
585
585
589
593
606
607
607
612
621
622
625
631
640
641
643
647
657
659
664
666
677
678
683
685
694
699
700
703
725
726
730
735
725
531
521
457
508
232
236
247
247
245
241
250
252
254
259
269
270
272
277
286
288
292
295
306
306
309
313
325
326
327
332
342
342
349
356
366
368
369
375
383
385
387
392
402
403
406
411
424
425
425
430
442
443
451
464
470
487
464
468
494
496
483
487
486
498
488
480
484
497
499
499
503
516
516
517
521
531
532
534
539
549
550
555
558
569
570
571
578
587
588
593
595
605
607
608
615
624
625
628
632
642
642
647
652
661
662
664
668
678
679
682
688
700
701
702
710
716
717
720
735
766
778
749
738
662
646
648
626
270
256
256
266
264
265
271
279
279
283
289
297
302
298
313
315
315
320
330
333
335
340
348
349
354
357
367
369
371
375
386
387
389
394
424
414
418
415
431
426
403
392
395
400
413
383
408
374
300
313
314
314
320
329
332
333
336
346
346
350
355
364
366
370
373
383
386
387
393
402
403
404
408
421
425
427
428
436
436
440
445
457
460
458
466
468
478
481
483
487
498
499
501
506
515
517
520
523
534
535
548
551
559
548
538
526
479
459
253
247
243
246
251
256
252
255
260
270
271
275
279
289
290
294
297
307
307
314
317
326
327
331
335
344
346
349
353
364
366
367
374
381
385
386
393
400
402
405
411
435
424
425
424
448
444
427
426
424
449
432
438
439
444
428
423
430
438
439
442
447
457
458
461
466
476
478
480
485
495
496
499
503
528
529
532
537
547
548
552
556
565
567
569
578
586
588
592
593
602
604
607
618
649
658
631
619
557
549
543
537
511
257
263
262
266
262
265
270
279
281
285
288
299
299
302
307
319
320
321
325
336
338
338
343
353
353
357
363
373
374
377
380
391
391
394
400
409
410
412
419
427
428
431
435
446
447
450
466
483
464
458
453
468
463
438
441
416
433
428
409
306
287
297
299
300
304
314
315
320
323
334
335
337
342
353
354
355
361
370
371
376
379
404
405
408
412
424
425
425
430
439
441
443
448
459
462
464
466
477
478
485
498
516
515
484
475
469
467
489
415
460
280
256
271
266
269
286
272
274
276
280
291
293
294
298
308
309
313
319
326
327
330
337
344
345
349
353
363
364
367
371
381
382
385
390
400
401
409
422
438
419
414
413
422
395
423
398
378
396
401
375
297
285
290
299
301
305
308
319
320
322
327
336
337
341
345
355
356
359
364
374
375
378
383
393
394
402
412
432
433
406
401
397
408
426
416
377
386
375
385
311
292
296
301
310
312
315
319
329
331
332
338
347
347
353
357
366
366
370
379
381
385
389
401
402
403
407
417
417
423
426
435
436
440
446
455
455
459
463
475
476
477
482
492
494
496
501
516
518
529
536
553
542
540
544
555
540
534
536
558
544
531
538
546
547
550
554
566
564
569
578
579
583
587
596
597
600
605
615
616
620
624
637
637
638
643
653
654
656
667
679
694
681
676
692
701
677
551
532
543
539
502
511
306
315
316
319
323
336
336
337
343
351
352
354
359
369
369
374
378
388
389
391
397
405
405
408
413
423
423
427
431
441
441
445
449
459
459
463
467
477
477
481
485
495
498
499
504
513
514
521
524
532
535
536
546
575
562
566
551
568
567
543
537
535
535
533
510
495
268
279
280
282
288
297
297
299
304
314
316
319
324
334
335
336
340
352
353
356
360
368
369
374
377
386
388
393
395
406
406
411
416
424
426
428
432
444
444
446
453
461
463
476
479
492
491
461
460
449
465
471
453
414
413
399
291
277
283
286
296
298
298
303
313
313
317
321
332
333
335
340
349
350
360
365
373
375
377
383
392
393
396
401
412
412
415
421
432
432
435
440
451
452
455
457
467
467
479
484
510
513
482
481
474
492
502
468
457
448
444
415
298
301
307
316
317
319
324
333
334
339
342
352
354
356
362
372
373
375
379
390
391
393
398
408
410
412
417
427
428
430
435
445
447
449
455
464
467
468
473
485
487
490
492
500
501
508
510
532
532
528
539
538
527
514
498
471
429
286
282
286
297
292
296
300
309
310
313
318
327
331
331
340
345
347
350
354
367
367
368
374
382
385
389
391
401
403
405
410
420
421
423
432
439
442
443
446
458
459
460
467
475
482
483
490
500
502
507
507
546
561
528
517
492
483
468
451
390
242
247
251
258
253
257
260
271
273
274
278
289
289
293
299
306
307
313
315
326
329
330
333
345
345
349
352
361
363
368
370
380
381
386
392
398
400
406
409
417
426
427
444
451
442
432
418
370
343
306
265
261
256
256
263
263
265
269
299
248
251
255
263
264
268
272
297
299
304
305
315
316
319
322
359
367
323
272
271
298
305
288
264
208
202
205
234
207
176
174
175
183
184
188
192
204
204
206
211
221
222
227
231
238
239
242
247
258
260
272
273
255
262
211
171
151
163
160
161
167
182
178
175
180
190
193
194
197
207
207
211
217
225
226
229
237
245
247
255
256
266
268
272
276
285
285
290
293
302
304
306
312
320
324
325
329
337
338
341
346
356
357
360
366
389
391
389
387
410
395
374
366
323
299
251
246
243
246
251
259
260
259
263
272
275
276
281
290
293
294
297
309
311
311
316
325
326
329
334
345
346
346
351
360
361
364
369
381
381
383
387
397
399
399
404
413
416
420
423
433
434
436
442
456
455
460
471
479
461
454
456
460
440
434
431
443
423
410
405
387
389
391
396
405
407
411
415
423
423
427
430
440
443
444
451
459
459
463
466
477
477
481
486
494
494
497
513
531
514
509
496
506
493
467
452
443
427
428
378
353
287
297
298
301
307
317
318
319
324
333
335
337
342
366
367
368
370
381
383
384
388
398
400
402
406
417
418
420
425
433
436
438
442
455
455
457
462
470
472
474
478
490
493
496
497
507
509
511
531
538
512
419
484
386
349
317
238
241
242
255
252
250
256
267
268
270
274
288
290
292
298
306
307
312
315
326
326
329
333
346
348
355
344
358
362
371
372
376
381
391
393
396
400
406
411
413
426
429
429
433
447
448
455
470
479
472
452
443
435
429
405
379
349
